x,y,z,tau1_x,tau1_y,tau1_z,tau2_x,tau2_y,tau2_z,normal_x,normal_y,normal_z
-0.35,-0.35,0.999662,0.999904,0,0.0138737,6.32078e-05,0.99999,-0.00455551,-0.0138735,0.00455595,0.999893
-0.35,-0.286364,0.999705,0.999927,0,0.0121203,-6.05062e-05,0.999988,0.00499176,-0.0121202,-0.00499213,0.999914
-0.35,-0.222727,1.00018,0.999972,0,-0.00749032,6.82097e-05,0.999959,0.00910612,0.00749001,-0.00910638,0.99993
-0.35,-0.159091,1.00075,0.999527,0,-0.0307399,0.000239249,0.99997,0.00777932,0.030739,-0.007783,0.999497
-0.35,-0.0954545,1.00106,0.999057,0,-0.0434238,4.47831e-05,0.999999,0.00103033,0.0434238,-0.0010313,0.999056
-0.35,-0.0318182,1.00076,0.999507,0,-0.0314004,-0.000350137,0.999938,-0.0111452,0.0313984,0.0111507,0.999445
-0.35,0.0318182,0.999523,0.999808,0,0.0195943,0.000563595,0.999586,-0.0287577,-0.0195862,0.0287632,0.999394
-0.35,0.0954545,0.996987,0.992426,0,0.122845,0.00631158,0.998679,-0.0509892,-0.122683,0.0513783,0.991115
-0.35,0.159091,0.99281,0.959047,0,0.283249,0.0217575,0.997045,-0.0736684,-0.282412,0.0768143,0.956213
-0.35,0.222727,0.986647,0.876775,0,0.4809,0.0479364,0.995019,-0.0873975,-0.478505,0.0996806,0.872409
-0.35,0.286364,0.978153,0.744249,0,0.667903,0.0758685,0.993527,-0.0845408,-0.66358,0.113592,0.739431
-0.35,0.35,0.96698,0.593425,0,0.804889,0.0941222,0.993139,-0.0693941,-0.799367,0.116938,0.589354
-0.286364,-0.35,1.00038,0.99996,0,0.00889323,-4.5872e-05,0.999987,0.00515787,-0.00889311,-0.00515808,0.999947
-0.286364,-0.286364,1.00033,0.99997,0,0.00776919,4.39101e-05,0.999984,-0.00565165,-0.00776907,0.00565182,0.999954
-0.286364,-0.222727,0.999794,0.999988,0,-0.00480121,-4.94976e-05,0.999947,-0.0103093,0.00480096,0.0103094,0.999935
-0.286364,-0.159091,0.999152,0.999806,0,-0.0197091,-0.000173707,0.999961,-0.00881181,0.0197083,0.00881352,0.999767
-0.286364,-0.0954545,0.998802,0.999612,0,-0.0278492,-3.25331e-05,0.999999,-0.00116774,0.0278492,0.00116819,0.999611
-0.286364,-0.0318182,0.999134,0.999797,0,-0.0201328,0.000254221,0.99992,0.0126246,0.0201312,-0.0126272,0.999718
-0.286364,0.0318182,1.00054,0.999921,0,0.0125609,-0.000409019,0.99947,0.0325602,-0.0125543,-0.0325627,0.999391
-0.286364,0.0954545,1.00341,0.996867,0,0.0790935,-0.00461931,0.998293,0.0582202,-0.0789585,-0.0584032,0.995166
-0.286364,0.159091,1.00814,0.982549,0,0.186005,-0.0165548,0.996031,0.0874487,-0.185267,-0.0890019,0.978649
-0.286364,0.222727,1.01512,0.943396,0,0.331668,-0.0401758,0.992636,0.114276,-0.329226,-0.121132,0.936449
-0.286364,0.286364,1.02473,0.866822,0,0.498618,-0.0743283,0.988827,0.129216,-0.493047,-0.149068,0.857137
-0.286364,0.35,1.03738,0.754672,0,0.656102,-0.109659,0.985934,0.126133,-0.646873,-0.167136,0.744057
-0.222727,-0.35,1.00081,0.999989,0,0.00471675,-5.16089e-05,0.99994,0.0109415,-0.00471647,-0.0109416,0.999929
-0.222727,-0.286364,1.00071,0.999992,0,0.00412056,4.94006e-05,0.999928,-0.0119887,-0.00412026,0.0119888,0.99992
-0.222727,-0.222727,0.999562,0.999997,0,-0.00254639,-5.5678e-05,0.999761,-0.0218654,0.00254579,0.0218654,0.999758
-0.222727,-0.159091,0.998202,0.999945,0,-0.0104544,-0.000195457,0.999825,-0.0186952,0.0104526,0.0186962,0.999771
-0.222727,-0.0954545,0.997459,0.999891,0,-0.0147742,-3.66218e-05,0.999997,-0.00247849,0.0147742,0.00247876,0.999888
-0.222727,-0.0318182,0.998163,0.999943,0,-0.0106792,0.000286015,0.999641,0.0267809,0.0106754,-0.0267825,0.999584
-0.222727,0.0318182,1.00115,0.999978,0,0.0066622,-0.000459368,0.99762,0.0689499,-0.00664635,-0.0689514,0.997598
-0.222727,0.0954545,1.00724,0.999116,0,0.0420427,-0.00518938,0.992353,0.123322,-0.0417212,-0.123431,0.991476
-0.222727,0.159091,1.01727,0.994998,0,0.0998998,-0.0188323,0.982071,0.187569,-0.0981087,-0.188512,0.977158
-0.222727,0.222727,1.03207,0.983057,0,0.183299,-0.0477381,0.96549,0.256026,-0.176973,-0.260438,0.949132
-0.222727,0.286364,1.05247,0.956479,0,0.2918,-0.0970992,0.943012,0.318278,-0.275171,-0.33276,0.901971
-0.222727,0.35,1.0793,0.908115,0,0.418721,-0.166289,0.917761,0.360643,-0.384286,-0.397134,0.833432
-0.159091,-0.35,1.001,0.999999,0,0.00134468,-1.81333e-05,0.999909,0.0134852,-0.00134456,-0.0134852,0.999908
-0.159091,-0.286364,1.00087,0.999999,0,0.00117471,1.73571e-05,0.999891,-0.0147757,-0.00117458,0.0147757,0.99989
-0.159091,-0.222727,0.99946,1,0,-0.000725935,-1.95609e-05,0.999637,-0.0269457,0.000725672,0.0269457,0.999637
-0.159091,-0.159091,0.997784,0.999996,0,-0.00298052,-6.86771e-05,0.999734,-0.0230419,0.00297972,0.023042,0.99973
-0.159091,-0.0954545,0.996868,0.999991,0,-0.0042123,-1.28701e-05,0.999995,-0.00305534,0.00421228,0.00305536,0.999986
-0.159091,-0.0318182,0.997736,0.999995,0,-0.00304462,0.000100487,0.999455,0.0330047,0.00304296,-0.0330048,0.999451
-0.159091,0.0318182,1.00141,0.999998,0,0.00189932,-0.000161213,0.996391,0.0848791,-0.00189246,-0.0848793,0.996389
-0.159091,0.0954545,1.00892,0.999928,0,0.0119954,-0.00181911,0.988434,0.15164,-0.0118567,-0.151651,0.988363
-0.159091,0.159091,1.02128,0.999591,0,0.0286112,-0.00661583,0.972899,0.231138,-0.0278358,-0.231233,0.9725
-0.159091,0.222727,1.03952,0.99859,0,0.053081,-0.0169839,0.947431,0.31951,-0.0502906,-0.319961,0.946095
-0.159091,0.286364,1.06467,0.996239,0,0.0866451,-0.0357521,0.9109,0.411075,-0.0789251,-0.412627,0.907475
-0.159091,0.35,1.09773,0.991471,0,0.130327,-0.0655796,0.864175,0.4989,-0.112625,-0.503192,0.856804
-0.0954545,-0.35,1.001,0.999999,0,-0.00122279,1.64832e-05,0.999909,0.01348,0.00122268,-0.01348,0.999908
-0.0954545,-0.286364,1.00087,0.999999,0,-0.00106823,-1.57777e-05,0.999891,-0.0147699,0.00106811,0.0147699,0.99989
-0.0954545,-0.222727,0.99946,1,0,0.000660133,1.77809e-05,0.999637,-0.0269353,-0.000659894,0.0269353,0.999637
-0.0954545,-0.159091,0.997785,0.999996,0,0.00271035,6.24277e-05,0.999735,-0.023033,-0.00270963,0.0230331,0.999731
-0.0954545,-0.0954545,0.996869,0.999993,0,0.00383048,1.1699e-05,0.999995,-0.00305416,-0.00383047,0.00305418,0.999988
-0.0954545,-0.0318182,0.997737,0.999996,0,0.00276864,-9.13431e-05,0.999456,0.0329919,-0.00276713,-0.032992,0.999452
-0.0954545,0.0318182,1.00141,0.999999,0,-0.00172716,0.000146543,0.996394,0.0848464,0.00172093,-0.0848465,0.996393
-0.0954545,0.0954545,1.00892,0.999941,0,-0.0109082,0.00165363,0.988443,0.151586,0.0107821,-0.151595,0.988384
-0.0954545,0.159091,1.02127,0.999661,0,-0.0260196,0.00601476,0.972915,0.231085,0.0253148,-0.231163,0.972586
-0.0954545,0.222727,1.03951,0.998834,0,-0.0482813,0.0154461,0.947445,0.319547,0.0457438,-0.31992,0.94634
-0.0954545,0.286364,1.06464,0.996887,0,-0.0788424,0.0325395,0.91086,0.411431,0.0718144,-0.412716,0.908024
-0.0954545,0.35,1.0977,0.992932,0,-0.118688,0.0597713,0.863938,0.500039,0.102539,-0.503599,0.857831
-0.0318182,-0.35,1.00086,0.999996,0,-0.0029856,3.46823e-05,0.999933,0.0116165,0.00298539,-0.0116166,0.999928
-0.0318182,-0.286364,1.00075,0.999997,0,-0.00260822,-3.31981e-05,0.999919,-0.0127282,0.002608,0.0127283,0.999916
-0.0318182,-0.222727,0.999535,0.999999,0,0.0016118,3.74156e-05,0.999731,-0.0232135,-0.00161137,0.0232135,0.999729
-0.0318182,-0.159091,0.998091,0.999978,0,0.00661756,0.000131356,0.999803,-0.0198492,-0.00661626,0.0198497,0.999781
-0.0318182,-0.0954545,0.997302,0.999956,0,0.0093523,2.46137e-05,0.999997,-0.00263172,-0.00935226,0.00263184,0.999953
-0.0318182,-0.0318182,0.99805,0.999977,0,0.00675988,-0.000192212,0.999596,0.0284336,-0.00675714,-0.0284342,0.999573
-0.0318182,0.0318182,1.00122,0.999991,0,-0.00421705,0.000308619,0.997318,0.0731829,0.00420574,-0.0731835,0.99731
-0.0318182,0.0954545,1.00768,0.999645,0,-0.026626,0.00348765,0.991384,0.13094,0.0263966,-0.130987,0.991033
-0.0318182,0.159091,1.01833,0.997987,0,-0.0634238,0.0127016,0.979742,0.199862,0.0621389,-0.200266,0.977769
-0.0318182,0.222727,1.03405,0.993107,0,-0.117209,0.0325744,0.960605,0.276001,0.112592,-0.277917,0.953984
-0.0318182,0.286364,1.0557,0.981861,0,-0.189603,0.0680575,0.933358,0.352437,0.176967,-0.358948,0.916427
-0.0318182,0.35,1.08419,0.959951,0,-0.280168,0.122391,0.899535,0.419353,0.252021,-0.436848,0.86351
0.0318182,-0.35,1.00064,0.999992,0,-0.00394374,3.38583e-05,0.999963,0.00858527,0.0039436,-0.00858534,0.999955
0.0318182,-0.286364,1.00056,0.999994,0,-0.00344525,-3.24096e-05,0.999956,-0.00940697,0.0034451,0.00940703,0.99995
0.0318182,-0.222727,0.999656,0.999998,0,0.00212907,3.65302e-05,0.999853,-0.0171578,-0.00212876,0.0171578,0.999851
0.0318182,-0.159091,0.998589,0.999962,0,0.00874117,0.00012824,0.999892,-0.0146702,-0.00874023,0.0146708,0.999854
0.0318182,-0.0954545,0.998006,0.999924,0,0.0123533,2.40268e-05,0.999998,-0.00194483,-0.0123533,0.00194497,0.999922
0.0318182,-0.0318182,0.998559,0.99996,0,0.00892915,-0.000187669,0.999779,0.0210167,-0.00892718,-0.0210175,0.999739
0.0318182,0.0318182,1.0009,0.999984,0,-0.00557038,0.000301642,0.998533,0.0541502,0.0055622,-0.0541511,0.998517
0.0318182,0.0954545,1.00568,0.999382,0,-0.0351617,0.00341624,0.995269,0.097098,0.0349954,-0.0971581,0.994654
0.0318182,0.159091,1.01355,0.996495,0,-0.083653,0.012477,0.988814,0.148629,0.0827173,-0.149152,0.985348
0.0318182,0.222727,1.02516,0.988065,0,-0.154039,0.0320514,0.978113,0.20559,0.150667,-0.208073,0.966439
0.0318182,0.286364,1.04117,0.968974,0,-0.247164,0.0667505,0.962842,0.261686,0.23798,-0.270065,0.932969
0.0318182,0.35,1.06222,0.933062,0,-0.359715,0.118485,0.944196,0.307337,0.339642,-0.329385,0.880993
0.0954545,-0.35,1.00038,0.999992,0,-0.00409725,2.08009e-05,0.999987,0.00507677,0.00409719,-0.00507681,0.999979
0.0954545,-0.286364,1.00033,0.999994,0,-0.00357936,-1.9911e-05,0.999985,-0.0055627,0.0035793,0.00556273,0.999978
0.0954545,-0.222727,0.999797,0.999998,0,0.00221194,2.2444e-05,0.999949,-0.0101467,-0.00221183,0.0101467,0.999946
0.0954545,-0.159091,0.999166,0.999959,0,0.00908139,7.87876e-05,0.999962,-0.00867537,-0.00908105,0.00867572,0.999921
0.0954545,-0.0954545,0.998821,0.999918,0,0.0128341,1.47604e-05,0.999999,-0.00115,-0.0128341,0.0011501,0.999917
0.0954545,-0.0318182,0.999148,0.999957,0,0.00927669,-0.000115308,0.999923,0.0124293,-0.00927597,-0.0124299,0.99988
0.0954545,0.0318182,1.00053,0.999983,0,-0.0057872,0.000185487,0.999486,0.0320507,0.00578422,-0.0320512,0.999469
0.0954545,0.0954545,1.00336,0.999333,0,-0.0365286,0.00210499,0.998338,0.0575875,0.0364679,-0.057626,0.997672
0.0954545,0.159091,1.00801,0.996218,0,-0.086885,0.00771687,0.996048,0.0884812,0.0865417,-0.0888171,0.992281
0.0954545,0.222727,1.01488,0.987136,0,-0.159884,0.0199363,0.992195,0.123088,0.158636,-0.124692,0.979432
0.0954545,0.286364,1.02434,0.966633,0,-0.256165,0.0418159,0.986587,0.157792,0.252729,-0.163238,0.953667
0.0954545,0.35,1.03679,0.928308,0,-0.371813,0.0747501,0.979583,0.186629,0.364221,-0.201042,0.909354
0.159091,-0.35,1.00013,0.999994,0,-0.00344612,6.1399e-06,0.999998,0.00178168,0.00344611,-0.00178169,0.999992
0.159091,-0.286364,1.00012,0.999995,0,-0.00301053,-5.87722e-06,0.999998,-0.00195221,0.00301052,0.00195222,0.999994
0.159091,-0.222727,0.999929,0.999998,0,0.00186042,6.6251e-06,0.999994,-0.00356107,-0.00186041,0.00356108,0.999992
0.159091,-0.159091,0.999707,0.999971,0,0.00763826,2.3257e-05,0.999995,-0.00304472,-0.00763822,0.00304481,0.999966
0.159091,-0.0954545,0.999586,0.999942,0,0.0107947,4.35704e-06,1,-0.000403603,-0.0107947,0.000403627,0.999942
0.159091,-0.0318182,0.999701,0.99997,0,0.00780252,-3.40385e-05,0.99999,0.00436237,-0.00780245,-0.0043625,0.99996
0.159091,0.0318182,1.00019,0.999988,0,-0.00486751,5.47752e-05,0.999937,0.0112531,0.0048672,-0.0112532,0.999925
0.159091,0.0954545,1.00118,0.999528,0,-0.0307294,0.000622479,0.999795,0.0202472,0.0307231,-0.0202568,0.999323
0.159091,0.159091,1.00281,0.99732,0,-0.073158,0.00229076,0.99951,0.0312286,0.0731221,-0.0313125,0.996831
0.159091,0.222727,1.00522,0.990848,0,-0.134981,0.00596973,0.999022,0.0438217,0.134849,-0.0442264,0.989879
0.159091,0.286364,1.00854,0.976048,0,-0.217553,0.0127336,0.998286,0.0571291,0.21718,-0.058531,0.974375
0.159091,0.35,1.01291,0.947672,0,-0.319247,0.0234101,0.997308,0.0694918,0.318387,-0.073329,0.94512
0.222727,-0.35,0.999955,0.999998,0,-0.00199033,-1.21253e-06,1,-0.000609208,0.00199033,0.000609209,0.999998
0.222727,-0.286364,0.999961,0.999998,0,-0.00173875,1.16065e-06,1,0.000667519,0.00173875,-0.00066752,0.999998
0.222727,-0.222727,1.00002,0.999999,0,0.0010745,-1.30835e-06,0.999999,0.00121763,-0.0010745,-0.00121764,0.999999
0.222727,-0.159091,1.0001,0.99999,0,0.00441161,-4.59304e-06,0.999999,0.00104112,-0.00441161,-0.00104113,0.99999
0.222727,-0.0954545,1.00014,0.999981,0,0.0062348,-8.60504e-07,1,0.000138013,-0.0062348,-0.000138016,0.999981
0.222727,-0.0318182,1.0001,0.99999,0,0.00450649,6.72232e-06,0.999999,-0.00149168,-0.00450648,0.0014917,0.999989
0.222727,0.0318182,0.999936,0.999996,0,-0.00281128,-1.08179e-05,0.999993,-0.003848,0.00281126,0.00384802,0.999989
0.222727,0.0954545,0.999597,0.999842,0,-0.0177535,-0.000123028,0.999976,-0.00692868,0.0177531,0.00692977,0.999818
0.222727,0.159091,0.999039,0.999104,0,-0.0423284,-0.0004542,0.999942,-0.0107208,0.042326,0.0107304,0.999046
0.222727,0.222727,0.998215,0.996919,0,-0.0784368,-0.00119443,0.999884,-0.0151811,0.0784277,0.015228,0.996803
0.222727,0.286364,0.997079,0.991816,0,-0.127679,-0.00260048,0.999793,-0.0202006,0.127653,0.0203673,0.99161
0.222727,0.35,0.995585,0.981593,0,-0.190983,-0.00497166,0.999661,-0.0255528,0.190918,0.0260319,0.981261
0.286364,-0.35,0.999896,1,0,0.000270114,3.79536e-07,0.999999,-0.00140509,-0.000270114,0.00140509,0.999999
0.286364,-0.286364,0.999909,1,0,0.000235971,-3.63298e-07,0.999999,0.00153958,-0.000235971,-0.00153958,0.999999
0.286364,-0.222727,1.00006,1,0,-0.000145823,4.09526e-07,0.999996,0.00280837,0.000145823,-0.00280837,0.999996
0.286364,-0.159091,1.00023,1,0,-0.000598717,1.43769e-06,0.999997,0.00240129,0.000598716,-0.00240129,0.999997
0.286364,-0.0954545,1.00033,1,0,-0.000846158,2.69357e-07,1,0.000318329,0.000846158,-0.000318329,1
0.286364,-0.0318182,1.00024,1,0,-0.000611594,-2.10419e-06,0.999994,-0.0034405,0.00061159,0.0034405,0.999994
0.286364,0.0318182,0.999853,1,0,0.000381528,3.38603e-06,0.999961,-0.0088749,-0.000381513,0.0088749,0.999961
0.286364,0.0954545,0.999071,0.999997,0,0.00240975,3.8517e-05,0.999872,-0.0159837,-0.00240945,0.0159838,0.999869
0.286364,0.159091,0.997783,0.999983,0,0.00574956,0.000142384,0.999693,-0.0247639,-0.0057478,0.0247644,0.999677
0.286364,0.222727,0.995882,0.999943,0,0.0106772,0.000375952,0.99938,-0.0352089,-0.0106705,0.0352109,0.999323
0.286364,0.286364,0.993263,0.999847,0,0.017468,0.000826458,0.99888,-0.0473055,-0.0174484,0.0473127,0.998728
0.286364,0.35,0.989817,0.999652,0,0.0263957,0.0016115,0.998135,-0.0610305,-0.0263464,0.0610517,0.997787
0.35,-0.35,1.00001,0.999994,0,0.0033352,-2.82705e-07,1,8.47634e-05,-0.0033352,-8.47639e-05,0.999994
0.35,-0.286364,1.00001,0.999996,0,0.00291363,2.7061e-07,1,-9.28768e-05,-0.00291363,9.28772e-05,0.999996
0.35,-0.222727,0.999997,0.999998,0,-0.00180054,-3.05047e-07,1,-0.000169419,0.00180054,0.000169419,0.999998
0.35,-0.159091,0.999986,0.999973,0,-0.00739243,-1.07085e-06,1,-0.000144854,0.00739243,0.000144858,0.999973
0.35,-0.0954545,0.99998,0.999945,0,-0.0104473,-2.00616e-07,1,-1.92016e-05,0.0104473,1.92026e-05,0.999945
0.35,-0.0318182,0.999986,0.999971,0,-0.00755141,1.56728e-06,1,0.000207542,0.00755141,-0.000207548,0.999971
0.35,0.0318182,1.00001,0.999989,0,0.00471085,-2.52222e-06,1,0.0005354,-0.00471085,-0.000535406,0.999989
0.35,0.0954545,1.00006,0.999558,0,0.0297412,-2.86689e-05,1,0.000963517,-0.0297412,-0.000963943,0.999557
0.35,0.159091,1.00013,0.997489,0,0.0708154,-0.000105563,0.999999,0.00148693,-0.0708153,-0.00149067,0.997488
0.35,0.222727,1.00025,0.99142,0,0.130712,-0.000275455,0.999998,0.00208926,-0.130712,-0.00210734,0.991418
0.35,0.286364,1.00041,0.977515,0,0.210867,-0.000589074,0.999996,0.00273076,-0.210867,-0.00279357,0.977511
0.35,0.35,1.00061,0.950745,0,0.309974,-0.00108781,0.999994,0.00333652,-0.309972,-0.00350937,0.950739
