x,y,z,tau1_x,tau1_y,tau1_z,tau2_x,tau2_y,tau2_z,normal_x,normal_y,normal_z
-1,-1,-0.000275799,0.996816,0,-0.0797327,-0.0066618,0.996503,-0.0832857,0.0794539,0.0835517,0.993331
-1,-0.9,-0.000455,0.996872,0,0.0790272,-0.00428259,0.998531,0.0540219,-0.078911,-0.0541914,0.995408
-1,-0.8,0.00546811,0.907477,0,-0.420101,0.0167702,0.999203,0.036226,0.419766,-0.0399194,0.906754
-1,-0.7,0.00803703,0.829264,0,-0.558857,0.00498656,0.99996,0.00739935,0.558835,-0.00892279,0.829231
-1,-0.6,0.00800799,0.873315,0,-0.487155,-0.00420004,0.999963,-0.00752935,0.487137,0.00862156,0.873283
-1,-0.5,0.00633339,0.938879,0,-0.344248,-0.00726252,0.999777,-0.0198073,0.344172,0.0210967,0.93867
-1,-0.4,0.0037391,0.983327,0,-0.181844,-0.00505491,0.999614,-0.0273346,0.181774,0.027798,0.982947
-1,-0.3,0.0009034,0.999567,0,-0.0294097,-0.000802336,0.999628,-0.0272695,0.0293988,0.0272813,0.999195
-1,-0.2,-0.0014955,0.996561,0,0.0828653,0.00161367,0.99981,-0.0194064,-0.0828496,0.0194734,0.996372
-1,-0.1,-0.00279604,0.990787,0,0.135426,0.000822951,0.999982,-0.00602078,-0.135423,0.00607676,0.990769
-1,0,-0.00284806,0.991221,0,0.132212,-0.000563039,0.999991,0.00422122,-0.132211,-0.0042586,0.991212
-1,0.1,-0.00209611,0.995353,0,0.0962976,-0.000953269,0.999951,0.00985319,-0.0962929,-0.00989919,0.995304
-1,0.2,-0.00101822,0.998678,0,0.0514097,-0.000555242,0.999942,0.010786,-0.0514067,-0.0108003,0.998619
-1,0.3,-7.39002e-05,0.999793,0,0.020362,-0.000162259,0.999968,0.00796708,-0.0203614,-0.00796873,0.999761
-1,0.4,0.000664454,0.999906,0,-0.0137351,0.000100411,0.999973,0.00730989,0.0137347,-0.00731058,0.999879
-1,0.5,0.00122896,0.996432,0,-0.0844015,-6.82228e-05,1,-0.000805429,0.0844015,0.000808313,0.996432
-1,0.6,-0.000439476,0.999052,0,-0.0435227,-0.00125515,0.999584,-0.0288117,0.0435046,0.028839,0.998637
-1,0.7,-0.00172638,0.95845,0,0.285262,-0.00518103,0.999835,0.0174077,-0.285215,-0.0181624,0.958292
-1,0.8,0.0065136,0.685177,0,0.728376,-0.0801884,0.993921,0.0754325,-0.723949,-0.110092,0.681012
-1,0.9,0.023155,0.453469,0,0.891272,-0.0293415,0.999458,0.0149286,-0.890789,-0.032921,0.453223
-1,1,0.00129236,0.72228,0,0.691601,0.278325,0.915449,-0.290671,-0.633125,0.402435,0.66121
-0.9,-1,-0.00115747,0.998961,0,0.0455715,-0.00917114,0.97954,0.201038,-0.0446391,-0.201247,0.978523
-0.9,-0.9,0.000985285,0.999407,0,-0.034424,-0.00295936,0.996298,-0.085917,0.0342965,0.0859679,0.995707
-0.9,-0.8,-0.00348794,0.9802,0,0.19801,-0.00845268,0.999088,0.0418428,-0.19783,-0.0426881,0.979306
-0.9,-0.7,0.00118824,0.929439,0,0.368977,0.00117192,0.999995,-0.00295203,-0.368975,0.00317614,0.929434
-0.9,-0.6,-0.00276476,0.972404,0,0.233304,0.0111583,0.998856,-0.0465077,-0.233037,0.0478275,0.971291
-0.9,-0.5,-0.00536341,0.996985,0,0.0775947,0.000348995,0.99999,-0.0044841,-0.077594,0.00449766,0.996975
-0.9,-0.4,-0.00426237,0.999996,0,0.00265279,-6.23976e-05,0.999723,0.0235214,-0.00265206,-0.0235215,0.99972
-0.9,-0.3,-0.00125861,0.999882,0,-0.0153712,0.000515247,0.999438,0.0335163,0.0153626,-0.0335203,0.99932
-0.9,-0.2,0.00184544,0.999981,0,-0.00617658,0.000157657,0.999674,0.0255244,0.00617457,-0.0255249,0.999655
-0.9,-0.1,0.00329194,1,0,0.000905746,-2.28904e-06,0.999997,0.00252725,-0.000905743,-0.00252725,0.999996
-0.9,0,0.00269278,0.999986,0,-0.00526902,-6.5083e-05,0.999924,-0.0123518,0.00526862,0.012352,0.99991
-0.9,0.1,0.00125281,0.999892,0,-0.0146842,-0.000209776,0.999898,-0.0142843,0.0146827,0.0142858,0.99979
-0.9,0.2,0.000266508,0.99987,0,-0.0161368,-5.29178e-05,0.999995,-0.0032789,0.0161367,0.00327932,0.999864
-0.9,0.3,0.000879256,1,0,0.000248093,-2.99706e-06,0.999927,0.0120804,-0.000248075,-0.0120804,0.999927
-0.9,0.4,0.00111651,0.999863,0,0.0165377,0.0002604,0.999876,-0.0157437,-0.0165356,0.0157459,0.999739
-0.9,0.5,-0.00272234,0.999996,0,-0.00278873,-0.000124126,0.999009,-0.0445095,0.00278597,0.0445097,0.999005
-0.9,0.6,-0.0035597,0.999833,0,-0.0182525,0.000922974,0.998721,0.0505587,0.0182291,-0.0505671,0.998554
-0.9,0.7,0.0123226,0.99992,0,0.0126682,-0.00354921,0.959951,0.280144,-0.0121609,-0.280167,0.959874
-0.9,0.8,0.0597904,0.995846,0,0.0910556,-0.0511764,0.827113,0.5597,-0.0753133,-0.562035,0.823677
-0.9,0.9,0.122458,0.984231,0,0.17689,-0.0436225,0.969115,0.24272,-0.171426,-0.246609,0.953833
-0.9,1,0.0488838,0.997048,0,0.0767866,0.068929,0.440668,-0.89502,-0.0338374,0.89767,0.439367
-0.8,-1,0.00550098,0.997502,0,0.0706383,0.0229996,0.945509,-0.324783,-0.0667892,0.325597,0.943147
-0.8,-0.9,-0.00413887,0.99865,0,-0.0519435,0.00705979,0.990721,0.135729,0.0514615,-0.135913,0.989383
-0.8,-0.8,0.0295099,0.935976,0,0.352063,-0.144948,0.911315,0.38535,-0.320841,-0.411709,0.85297
-0.8,-0.7,0.0594439,0.846789,0,0.531928,0.0134188,0.999682,-0.0213617,-0.531759,0.0252267,0.84652
-0.8,-0.6,0.0355044,0.920987,0,0.389592,0.111172,0.958422,-0.262809,-0.373394,0.285355,0.882694
-0.8,-0.5,0.0109205,0.981888,0,0.189461,0.0313166,0.986244,-0.1623,-0.186855,0.165294,0.968382
-0.8,-0.4,-0.000179428,0.998393,0,0.0566694,0.00334141,0.99826,-0.0588685,-0.0565708,0.0589633,0.996656
-0.8,-0.3,-0.00248226,0.999943,0,-0.0106548,5.59514e-05,0.999986,0.00525098,0.0106547,-0.00525128,0.999929
-0.8,-0.2,-0.000699654,0.999403,0,-0.0345486,0.000778331,0.999746,0.0225152,0.0345398,-0.0225286,0.999149
-0.8,-0.1,0.000551333,0.999205,0,-0.0398551,-3.40276e-05,1,-0.000853103,0.0398551,0.000853781,0.999205
-0.8,0,-0.000442431,0.999195,0,-0.0401056,-0.000638304,0.999873,-0.0159028,0.0401005,0.0159156,0.999069
-0.8,0.1,-0.00201667,0.999366,0,-0.0355981,-0.000443376,0.999922,-0.0124471,0.0355954,0.012455,0.999289
-0.8,0.2,-0.00231713,0.999665,0,-0.0258808,0.00024694,0.999954,0.00953826,0.0258796,-0.00954145,0.99962
-0.8,0.3,0.000285957,0.999944,0,-0.0105623,0.000392193,0.99931,0.0371293,0.010555,-0.0371314,0.999255
-0.8,0.4,0.00272491,0.999956,0,0.00938996,1.13251e-05,0.999999,-0.00120604,-0.00938995,0.00120609,0.999955
-0.8,0.5,-0.0010221,0.999599,0,0.0283156,0.00159022,0.998422,-0.0561381,-0.0282709,0.0561606,0.998021
-0.8,0.6,-0.00397356,0.999944,0,0.010563,-0.000198482,0.999823,0.0187893,-0.0105611,-0.0187903,0.999768
-0.8,0.7,0.00667094,0.995387,0,-0.095941,0.0199397,0.978164,0.206874,0.0938461,-0.207833,0.973652
-0.8,0.8,0.0425902,0.944887,0,-0.327396,0.145334,0.896072,0.419444,0.29337,-0.443909,0.846687
-0.8,0.9,0.0909251,0.837966,0,-0.545722,0.0893529,0.986505,0.137203,0.538357,-0.163733,0.826658
-0.8,1,0.0332371,0.9559,0,-0.293691,-0.245658,0.548043,-0.799563,0.160955,0.83645,0.523874
-0.7,-1,0.00966833,0.999997,0,-0.00246479,-0.0015021,0.792846,-0.60942,0.0019542,0.609422,0.792843
-0.7,-0.9,-0.00621513,0.999661,0,0.0260277,-0.00839378,0.946571,0.322385,-0.0246371,-0.322494,0.946251
-0.7,-0.8,0.0554384,0.997498,0,0.0706931,-0.0424286,0.799865,0.598679,-0.0565449,-0.60018,0.797863
-0.7,-0.7,0.0989209,0.999303,0,0.0373322,0.00241836,0.9979,-0.0647342,-0.0372538,0.0647794,0.997204
-0.7,-0.6,0.0614131,0.999992,0,0.0039834,0.00178553,0.893911,-0.44824,-0.0035608,0.448244,0.893904
-0.7,-0.5,0.0222818,0.999891,0,-0.0147652,-0.00402727,0.962084,-0.272725,0.0142054,0.272754,0.961979
-0.7,-0.4,0.00265414,0.999801,0,-0.0199309,-0.00236367,0.992943,-0.118569,0.0197903,0.118593,0.992746
-0.7,-0.3,-0.00369823,0.999891,0,-0.0147693,-0.000266198,0.999838,-0.0180218,0.0147669,0.0180238,0.999729
-0.7,-0.2,-0.00303975,0.999997,0,-0.00252761,5.24554e-05,0.999785,0.0207529,0.00252706,-0.020753,0.999781
-0.7,-0.1,-0.00152338,0.999909,0,0.0134772,-6.01584e-05,0.99999,0.00446331,-0.0134771,-0.00446372,0.999899
-0.7,0,-0.00187936,0.999609,0,0.0279707,0.000255164,0.999958,-0.00911896,-0.0279695,0.00912253,0.999567
-0.7,0.1,-0.00285721,0.999441,0,0.0334308,0.000266393,0.999968,-0.00796404,-0.0334297,0.00796849,0.999409
-0.7,0.2,-0.00298254,0.999753,0,0.0222163,-0.000175994,0.999969,0.00791985,-0.0222156,-0.00792181,0.999722
-0.7,0.3,-0.000920157,0.999934,0,-0.011486,0.000350615,0.999534,0.0305234,0.0114806,-0.0305254,0.999468
-0.7,0.4,0.00175187,0.999415,0,-0.0342118,0.000529402,0.99988,0.0154652,0.0342077,-0.0154742,0.999295
-0.7,0.5,0.00125294,0.999957,0,0.00927783,0.000200179,0.999767,-0.0215751,-0.00927567,0.0215761,0.999724
-0.7,0.6,-0.00133302,0.999107,0,0.0422523,0.000931656,0.999757,-0.0220301,-0.042242,0.0220498,0.998864
-0.7,0.7,-0.00110642,0.999469,0,-0.0325712,0.00121175,0.999308,0.0371835,0.0325487,-0.0372032,0.998778
-0.7,0.8,0.00824511,0.968302,0,-0.249783,0.0383411,0.988149,0.148632,0.246823,-0.153498,0.956827
-0.7,0.9,0.0239744,0.880193,0,-0.474617,0.0276972,0.998296,0.0513655,0.473808,-0.0583571,0.878693
-0.7,1,0.00394148,0.980123,0,-0.19839,-0.0948006,0.878442,-0.46835,0.174275,0.477849,0.860982
-0.6,-1,0.00556608,0.997682,0,-0.0680414,-0.0291467,0.903604,-0.427375,0.0614825,0.428368,0.90151
-0.6,-0.9,0.00320191,0.985756,0,0.168184,-0.0514875,0.951987,0.301777,-0.160109,-0.306138,0.938427
-0.6,-0.8,0.0503404,0.99607,0,-0.0885673,0.0396935,0.893947,0.446412,0.0791745,-0.448173,0.890434
-0.6,-0.7,0.0747379,0.927474,0,-0.373888,-0.0426742,0.993465,-0.105858,0.371445,0.114136,0.921413
-0.6,-0.6,0.041124,0.949637,0,-0.313352,-0.113898,0.9316,-0.345178,0.291918,0.363484,0.884682
-0.6,-0.5,0.0101444,0.982755,0,-0.184911,-0.037756,0.978932,-0.200664,0.181015,0.204185,0.962051
-0.6,-0.4,-0.00322472,0.99673,0,-0.0808097,-0.00520707,0.997922,-0.0642254,0.0806418,0.0644362,0.994658
-0.6,-0.3,-0.00474021,1,0,-0.000371637,9.22556e-06,0.999692,0.0248241,0.000371522,-0.0248241,0.999692
-0.6,-0.2,-0.000186479,0.998055,0,0.0623378,-0.00351599,0.998408,0.0562925,-0.0622386,-0.0564022,0.996466
-0.6,-0.1,0.00473904,0.993391,0,0.114783,-0.00415089,0.999346,0.0359237,-0.114708,-0.0361627,0.992741
-0.6,0,0.00700753,0.988126,0,0.153645,-0.00142071,0.999957,0.00913689,-0.153639,-0.00924669,0.988084
-0.6,0.1,0.00669383,0.986583,0,0.163263,0.00245067,0.999887,-0.0148092,-0.163245,0.0150106,0.986471
-0.6,0.2,0.00404738,0.991913,0,0.126923,0.00469233,0.999316,-0.0366709,-0.126836,0.0369698,0.991234
-0.6,0.3,-0.000529853,0.999572,0,0.0292647,0.00140517,0.998847,-0.0479953,-0.0292309,0.0480158,0.998419
-0.6,0.4,-0.00344403,0.99808,0,-0.0619452,6.42559e-05,0.999999,0.00103531,0.0619451,-0.0010373,0.998079
-0.6,0.5,0.000422676,0.999685,0,-0.0251088,0.00143279,0.998371,0.0570452,0.0250678,-0.0570632,0.998056
-0.6,0.6,0.00338332,0.99904,0,0.0438092,0.000366821,0.999965,-0.00836512,-0.0438076,0.00837316,0.999005
-0.6,0.7,-0.000147874,0.999327,0,0.0366681,0.00197936,0.998542,-0.0539442,-0.0366146,0.0539805,0.99787
-0.6,0.8,-0.00580648,0.999233,0,-0.0391709,-0.00199086,0.998708,-0.050786,0.0391202,0.050825,0.997941
-0.6,0.9,-0.00885404,0.991745,0,-0.128228,-0.000443262,0.999994,-0.00342829,0.128227,0.00345683,0.991739
-0.6,1,-0.00519709,0.999998,0,-0.00199705,0.000165498,0.99656,0.0828709,0.00199018,-0.082871,0.996558
-0.5,-1,-0.00169541,0.997852,0,-0.0655086,0.0100229,0.988226,0.152673,0.0647373,-0.153001,0.986103
-0.5,-0.9,0.0295698,0.939365,0,0.342919,-0.113836,0.943293,0.311834,-0.323473,-0.331962,0.886096
-0.5,-0.8,0.054438,0.969042,0,0.246896,-0.0126588,0.998685,0.0496846,-0.246572,-0.0512719,0.967767
-0.5,-0.7,0.0418747,0.990846,0,-0.134997,-0.0347215,0.966358,-0.254847,0.130456,0.257201,0.957512
-0.5,-0.6,0.0113782,0.983288,0,-0.182056,-0.048699,0.96356,-0.263024,0.175422,0.267494,0.947457
-0.5,-0.5,-0.00738388,0.99257,0,-0.121672,-0.0119148,0.995194,-0.0971984,0.121087,0.097926,0.9878
-0.5,-0.4,-0.0102474,0.999085,0,-0.0427722,0.00140129,0.999463,0.0327318,0.0427493,-0.0327617,0.998549
-0.5,-0.3,-0.00263316,0.99884,0,0.0481537,-0.00527892,0.993973,0.109499,-0.0478634,-0.109627,0.99282
-0.5,-0.2,0.0100253,0.9897,0,0.143154,-0.0187781,0.991359,0.129824,-0.141917,-0.131175,0.981149
-0.5,-0.1,0.0223415,0.972326,0,0.233629,-0.0239106,0.994749,0.0995119,-0.232403,-0.102344,0.96722
-0.5,0,0.0303661,0.953137,0,0.30254,-0.0147008,0.998819,0.046314,-0.302183,-0.0485911,0.952011
-0.5,0.1,0.0318218,0.945326,0,0.326127,0.00787922,0.999708,-0.0228391,-0.326032,0.02416,0.94505
-0.5,0.2,0.0245254,0.960125,0,0.279572,0.033052,0.992987,-0.113509,-0.277612,0.118223,0.953391
-0.5,0.3,0.00693216,0.991662,0,0.128864,0.0259677,0.979486,-0.199833,-0.12622,0.201513,0.971319
-0.5,0.4,-0.00913665,0.999026,0,-0.0441233,-0.00317715,0.997404,-0.0719361,0.0440088,0.0720062,0.996433
-0.5,0.5,-0.00361704,0.998496,0,-0.0548282,0.00731564,0.991058,0.133228,0.0543379,-0.133429,0.989568
-0.5,0.6,0.00580016,0.999993,0,-0.00369984,8.96452e-05,0.999706,0.0242293,0.00369875,-0.0242295,0.9997
-0.5,0.7,0.00321881,0.999879,0,0.0155725,0.000924573,0.998236,-0.0593649,-0.015545,0.0593721,0.998115
-0.5,0.8,-0.00282082,0.996591,0,0.0825034,0.00369045,0.998999,-0.0445784,-0.0824208,0.0447309,0.995593
-0.5,0.9,-0.0042739,0.978859,0,0.204535,-0.00261032,0.999919,0.0124924,-0.204518,-0.0127622,0.97878
-0.5,1,-0.000785855,0.997657,0,0.0684214,-0.00367108,0.99856,0.0535283,-0.0683228,-0.053654,0.996219
-0.4,-1,-0.00505309,0.999852,0,0.0172088,-0.00858555,0.866656,0.498832,-0.0149141,-0.498905,0.866528
-0.4,-0.9,0.0709591,0.969026,0,0.246959,-0.144251,0.811673,0.56602,-0.20045,-0.584112,0.786532
-0.4,-0.8,0.10412,0.9328,0,0.360395,0.0650293,0.983586,-0.168314,-0.354479,0.180439,0.917489
-0.4,-0.7,0.0591189,0.975509,0,0.219958,0.0996141,0.891572,-0.441787,-0.196108,0.452878,0.869737
-0.4,-0.6,0.0136294,0.994095,0,0.108515,0.0363404,0.942258,-0.332911,-0.102249,0.334888,0.936694
-0.4,-0.5,-0.00900061,0.998802,0,0.0489301,0.00510844,0.994535,-0.104278,-0.0486627,0.104403,0.993344
-0.4,-0.4,-0.00974929,0.999566,0,0.0294461,-0.00229753,0.996951,0.077991,-0.0293563,-0.0780248,0.996519
-0.4,-0.3,0.0042926,0.999147,0,0.0413062,-0.00773163,0.982326,0.187019,-0.0405761,-0.187179,0.981488
-0.4,-0.2,0.0260263,0.997168,0,0.0752028,-0.0169592,0.97424,0.224874,-0.0732656,-0.225513,0.971481
-0.4,-0.1,0.0483735,0.992604,0,0.1214,-0.0240896,0.980115,0.196964,-0.118986,-0.198431,0.972865
-0.4,0,0.0648882,0.986218,0,0.165449,-0.0189455,0.993422,0.112931,-0.164361,-0.114509,0.979731
-0.4,0.1,0.0698593,0.982084,0,0.188441,0.00497756,0.999651,-0.0259411,-0.188376,0.0264143,0.981742
-0.4,0.2,0.0576172,0.985125,0,0.171839,0.0375617,0.975817,-0.215335,-0.167683,0.218587,0.961302
-0.4,0.3,0.0236943,0.995265,0,0.0972034,0.0371293,0.924173,-0.380166,-0.0898327,0.381975,0.919796
-0.4,0.4,-0.0112218,0.99999,0,-0.00456953,-0.000927332,0.979192,-0.202936,0.00447445,0.202938,0.979181
-0.4,0.5,-0.010008,0.998223,0,-0.0595878,0.00925787,0.987857,0.155089,0.0588642,-0.155365,0.986102
-0.4,0.6,0.00140817,0.996834,0,-0.0795089,0.00235433,0.999562,0.0295172,0.079474,-0.0296109,0.996397
-0.4,0.7,0.00126566,0.999589,0,-0.0286777,0.000148911,0.999987,0.00519044,0.0286773,-0.00519258,0.999575
-0.4,0.8,0.00999969,0.973511,0,0.22864,-0.045219,0.980248,0.192535,-0.224124,-0.197774,0.954282
-0.4,0.9,0.033792,0.841561,0,0.540161,-0.058231,0.994172,0.0907229,-0.537014,-0.107803,0.836657
-0.4,1,0.00775402,0.982072,0,0.188507,0.115524,0.790212,-0.601847,-0.148961,0.612834,0.776045
-0.3,-1,0.000911274,0.999446,0,0.0332911,-0.00800077,0.970692,0.240194,-0.0323154,-0.240327,0.970154
-0.3,-0.9,0.0479215,0.894289,0,-0.44749,0.188416,0.907037,0.376541,0.40589,-0.42105,0.811153
-0.3,-0.8,0.0708931,0.821927,0,-0.569592,-0.0753312,0.991216,-0.108704,0.564589,0.132255,0.814707
-0.3,-0.7,0.037476,0.922064,0,-0.387038,-0.121917,0.949092,-0.29045,0.367334,0.315,0.875123
-0.3,-0.6,0.007562,0.992205,0,-0.124614,-0.0274957,0.975354,-0.218927,0.121543,0.220647,0.967751
-0.3,-0.5,-0.00722445,0.999741,0,0.0227606,0.00167863,0.997277,-0.0737326,-0.0226986,0.0737518,0.997018
-0.3,-0.4,-0.00862189,0.999653,0,0.02633,-0.00102732,0.999239,0.0390035,-0.02631,-0.0390171,0.998892
-0.3,-0.3,-0.000805028,0.997785,0,-0.0665266,0.00727858,0.993997,0.109166,0.0661273,-0.109409,0.991795
-0.3,-0.2,0.0120482,0.979043,0,-0.203652,0.0276141,0.990764,0.132753,0.201771,-0.135594,0.970001
-0.3,-0.1,0.0257644,0.943959,0,-0.330064,0.0395278,0.992803,0.113047,0.327688,-0.119758,0.937165
-0.3,0,0.0363081,0.911485,0,-0.411334,0.0286661,0.997569,0.0635218,0.410334,-0.0696905,0.909268
-0.3,0.1,0.0398047,0.90101,0,-0.433799,-0.00514155,0.99993,-0.0106791,0.433768,0.0118524,0.900947
-0.3,0.2,0.0323885,0.925484,0,-0.378787,-0.0492229,0.991521,-0.120266,0.375575,0.129949,0.917637
-0.3,0.3,0.0110144,0.979014,0,-0.203791,-0.0505289,0.968774,-0.242741,0.197428,0.247944,0.948444
-0.3,0.4,-0.0101866,0.998307,0,0.0581716,0.0063979,0.993933,-0.109797,-0.0578187,0.109983,0.99225
-0.3,0.5,-0.00626193,0.971035,0,0.238938,-0.030094,0.992037,0.1223,-0.237036,-0.125949,0.963302
-0.3,0.6,0.0016302,0.967947,0,0.251153,-0.0026063,0.999946,0.0100447,-0.251139,-0.0103773,0.967895
-0.3,0.7,0.00652988,0.985073,0,0.172137,-0.0254797,0.988984,0.14581,-0.170241,-0.148019,0.974222
-0.3,0.8,0.0449502,0.97392,0,0.22689,-0.125424,0.833316,0.538381,-0.189071,-0.552797,0.811583
-0.3,0.9,0.115474,0.894079,0,0.44791,-0.137489,0.951724,0.274443,-0.426286,-0.306956,0.850916
-0.3,1,0.0432139,0.968544,0,0.248843,0.224807,0.428778,-0.874992,-0.106698,0.90341,0.415291
-0.2,-1,-0.0023845,0.998016,0,-0.062954,-0.0101896,0.986814,-0.161536,0.0621239,0.161857,0.984857
-0.2,-0.9,0.00252816,0.941724,0,-0.336387,0.0527115,0.987646,0.147567,0.332232,-0.156699,0.93009
-0.2,-0.8,0.0128804,0.915126,0,-0.403167,-0.00837658,0.999784,-0.0190135,0.40308,0.0207769,0.914929
-0.2,-0.7,0.00550326,0.97649,0,-0.215563,-0.0147101,0.997669,-0.066636,0.215061,0.0682403,0.974214
-0.2,-0.6,0.000680482,0.999638,0,-0.0269098,-0.000861262,0.999488,-0.031994,0.026896,0.0320056,0.999126
-0.2,-0.5,-0.00166452,0.997649,0,0.0685262,0.00104736,0.999883,-0.0152481,-0.0685182,0.015284,0.997533
-0.2,-0.4,-0.00243104,0.996991,0,0.0775175,1.85013e-05,1,-0.000237954,-0.0775175,0.000238672,0.996991
-0.2,-0.3,-0.00175855,0.999553,0,0.0299131,-0.000402366,0.99991,0.0134451,-0.0299104,-0.0134511,0.999462
-0.2,-0.2,0.000214484,0.998984,0,-0.0450627,0.00115977,0.999669,0.0257107,0.0450478,-0.0257368,0.998653
-0.2,-0.1,0.00332261,0.993116,0,-0.117131,0.00405371,0.999401,0.0343701,0.117061,-0.0346084,0.992522
-0.2,0,0.00657201,0.986279,0,-0.165085,0.00435658,0.999652,0.0260279,0.165027,-0.02639,0.985936
-0.2,0.1,0.00800541,0.983876,0,-0.178852,-0.000255318,0.999999,-0.00140452,0.178852,0.00142753,0.983875
-0.2,0.2,0.00561134,0.98893,0,-0.148386,-0.00729645,0.99879,-0.0486279,0.148206,0.0491722,0.987733
-0.2,0.3,-0.00180461,0.998279,0,-0.058646,-0.0041544,0.997488,-0.0707167,0.0584987,0.0708386,0.995771
-0.2,0.4,0.00166103,0.988331,0,0.152319,-0.02883,0.981924,0.187065,-0.149566,-0.189273,0.970467
-0.2,0.5,0.0389554,0.880267,0,0.474479,-0.164612,0.937891,0.305392,-0.44501,-0.346931,0.825594
-0.2,0.6,0.0556176,0.835591,0,0.549353,0.0581168,0.994388,-0.0883984,-0.54627,0.105792,0.830902
-0.2,0.7,0.033062,0.961402,0,0.275148,0.0527679,0.981438,-0.184377,-0.270041,0.19178,0.943556
-0.2,0.8,0.039075,0.96629,0,-0.257455,0.101519,0.918975,0.381023,0.236595,-0.394316,0.887997
-0.2,0.9,0.0993541,0.847161,0,-0.531336,0.162714,0.951956,0.259431,0.505809,-0.306236,0.80646
-0.2,1,0.038473,0.967109,0,-0.254362,-0.225471,0.462889,-0.857261,0.117741,0.886416,0.447664
-0.1,-1,-0.00447537,0.998356,0,0.0573131,0.0100632,0.984465,-0.175294,-0.0564227,0.175583,0.982846
-0.1,-0.9,-0.0134637,0.996181,0,0.087309,0.00166762,0.999818,-0.0190273,-0.0872931,0.0191002,0.996
-0.1,-0.8,-0.0118788,0.99961,0,-0.0279139,0.00101606,0.999337,0.0363856,0.0278954,-0.0363997,0.998948
-0.1,-0.7,-0.00688456,0.999607,0,-0.028042,0.00173035,0.998094,0.0616815,0.0279886,-0.0617058,0.997702
-0.1,-0.6,-0.000798274,0.999846,0,-0.0175348,0.000908301,0.998657,0.051792,0.0175112,-0.0518,0.998504
-0.1,-0.5,0.00256417,0.999993,0,-0.00385837,6.53354e-05,0.999857,0.0169333,0.00385782,-0.0169334,0.999849
-0.1,-0.4,0.00298311,0.999942,0,0.0108045,7.10561e-05,0.999978,-0.00657614,-0.0108043,0.00657653,0.99992
-0.1,-0.3,0.00164481,0.999791,0,0.020459,0.000372394,0.999834,-0.0181982,-0.0204556,0.018202,0.999625
-0.1,-0.2,-0.000262609,0.999817,0,0.0191177,0.000343222,0.999839,-0.0179498,-0.0191146,0.0179531,0.999656
-0.1,-0.1,-0.00157763,0.999999,0,0.00117096,8.93933e-06,0.999971,-0.00763419,-0.00117093,0.00763419,0.99997
-0.1,0,-0.00195582,0.999633,0,-0.027104,-2.78623e-05,0.999999,-0.0010276,0.027104,0.00102798,0.999632
-0.1,0.1,-0.00200308,0.99896,0,-0.0455944,-4.62601e-05,0.999999,-0.00101354,0.0455944,0.0010146,0.99896
-0.1,0.2,-0.00237873,0.999438,0,-0.033525,-0.000254516,0.999971,-0.00758757,0.0335241,0.00759183,0.999409
-0.1,0.3,-0.0028404,0.999622,0,0.0274941,-0.000857073,0.999514,0.0311611,-0.0274808,-0.0311729,0.999136
-0.1,0.4,0.0157242,0.99478,0,0.102045,-0.0379661,0.928212,0.370109,-0.0947197,-0.372052,0.923367
-0.1,0.5,0.0776889,0.993295,0,0.115609,-0.0622988,0.842386,0.535262,-0.0973873,-0.538875,0.836737
-0.1,0.6,0.100552,0.996941,0,0.0781626,0.0193988,0.968713,-0.247426,-0.0757171,0.248185,0.965749
-0.1,0.7,0.0498287,0.999789,0,-0.0205571,-0.0106901,0.854155,-0.519909,0.0175589,0.520019,0.853974
-0.1,0.8,0.00846966,0.967436,0,-0.253115,-0.0170313,0.997734,-0.0650957,0.252541,0.0672868,0.965244
-0.1,0.9,0.0292716,0.86568,0,-0.500597,0.103033,0.97859,0.178175,0.489879,-0.205821,0.847146
-0.1,1,0.00835741,0.970012,0,-0.243055,-0.160325,0.751595,-0.639844,0.182679,0.659625,0.729057
0,-1,0.0112102,0.972706,0,0.232042,-0.0727064,0.949643,0.304781,-0.220357,-0.313333,0.923724
0,-0.9,0.0201629,0.883446,0,0.468534,0.0356375,0.997103,-0.0671963,-0.467176,0.0760617,0.880886
0,-0.8,0.00848653,0.922567,0,0.385838,0.0323968,0.996469,-0.0774632,-0.384475,0.0839649,0.919309
0,-0.7,0.00221047,0.973365,0,0.229261,0.0102369,0.999003,-0.0434623,-0.229032,0.0446516,0.972394
0,-0.6,-0.00111364,0.998955,0,0.045707,0.000892422,0.999809,-0.0195044,-0.0456983,0.0195248,0.998764
0,-0.5,-0.00171694,0.998634,0,-0.0522578,0.000280005,0.999986,0.00535083,0.0522571,-0.00535815,0.998619
0,-0.4,-0.000490607,0.998159,0,-0.0606544,0.00102349,0.999858,0.016843,0.0606458,-0.0168741,0.998017
0,-0.3,0.0012139,0.999773,0,-0.0213091,0.000318017,0.999889,0.0149206,0.0213067,-0.014924,0.999662
0,-0.2,0.00204452,0.999707,0,0.0242106,1.38005e-05,1,-0.000569853,-0.0242106,0.00057002,0.999707
0,-0.1,0.000706735,0.999379,0,0.035244,0.000904371,0.999671,-0.0256443,-0.0352324,0.0256603,0.99905
0,0,-0.00232694,0.999954,0,0.00956982,0.000292527,0.999533,-0.0305663,-0.00956534,0.0305677,0.999487
0,0.1,-0.00452887,0.999944,0,-0.0105825,-9.57609e-05,0.999959,-0.00904848,0.0105821,0.00904898,0.999903
0,0.2,-0.00325583,0.999808,0,0.019594,-0.000761794,0.999244,0.0388715,-0.0195792,-0.038879,0.999052
0,0.3,0.00431205,0.991182,0,0.132506,-0.0160995,0.992591,0.120429,-0.131524,-0.1215,0.983839
0,0.4,0.0246918,0.991598,0,0.129358,-0.0370004,0.958221,0.283627,-0.123954,-0.28603,0.95017
0,0.5,0.0618254,0.956251,0,-0.292549,0.0894156,0.952146,0.292271,0.278549,-0.305643,0.91049
0,0.6,0.068302,0.867019,0,-0.498275,-0.101123,0.97919,-0.175959,0.487906,0.202947,0.848976
0,0.7,0.0286668,0.950052,0,-0.31209,-0.125655,0.915365,-0.382515,0.285677,0.402625,0.869645
0,0.8,-0.00615745,0.998792,0,-0.0491331,-0.00693889,0.989977,-0.141056,0.0486407,0.141226,0.988782
0,0.9,-0.00111184,0.996274,0,-0.0862448,0.0107386,0.992218,0.124048,0.0855737,-0.124512,0.988521
0,1,-0.00459986,0.999468,0,-0.0326065,-0.00976037,0.954147,-0.299179,0.0311113,0.299339,0.95364
0.1,-1,0.0396753,0.954358,0,0.298665,-0.201436,0.738315,0.643673,-0.220509,-0.674456,0.704616
0.1,-0.9,0.0816788,0.840231,0,0.542229,-0.00643145,0.99993,0.0099661,-0.542191,-0.0118611,0.840172
0.1,-0.8,0.068356,0.79535,0,0.606151,0.0868303,0.989687,-0.113933,-0.599899,0.143249,0.787147
0.1,-0.7,0.0453432,0.837399,0,0.546592,0.131047,0.970834,-0.20077,-0.530649,0.239754,0.812976
0.1,-0.6,0.0152666,0.95341,0,0.301677,0.0732088,0.970108,-0.231366,-0.29266,0.242673,0.924911
0.1,-0.5,-0.00200585,0.997122,0,0.0758118,0.00690546,0.995843,-0.0908248,-0.0754966,0.0910869,0.992977
0.1,-0.4,-0.00526039,0.999886,0,-0.0150787,0.000236455,0.999877,0.0156796,0.0150769,-0.0156814,0.999763
0.1,-0.3,-0.00105986,0.999866,0,-0.0163684,0.000937397,0.998359,0.0572609,0.0163416,-0.0572686,0.998225
0.1,-0.2,0.00402266,0.999921,0,0.012553,-0.000418063,0.999445,0.0333012,-0.012546,-0.0333038,0.999367
0.1,-0.1,0.00362722,0.999903,0,0.0139008,0.000583137,0.99912,-0.0419459,-0.0138885,0.04195,0.999023
0.1,0,-0.00206354,0.999896,0,-0.0144096,-0.000836051,0.998315,-0.0580142,0.0143854,0.0580202,0.998212
0.1,0.1,-0.00525762,0.999953,0,-0.00968107,7.68866e-05,0.999968,0.00794158,0.00968076,-0.00794196,0.999922
0.1,0.2,0.00226497,0.99557,0,0.094021,-0.0144482,0.988122,0.152989,-0.0929042,-0.15367,0.983745
0.1,0.3,0.0275298,0.944201,0,0.329371,-0.0946723,0.957801,0.271395,-0.315472,-0.287434,0.904356
0.1,0.4,0.0525659,0.901247,0,0.433305,-0.0434762,0.994954,0.0904278,-0.431118,-0.100336,0.896699
0.1,0.5,0.0420925,0.999231,0,0.0391975,0.00997472,0.96708,-0.254278,-0.0379071,0.254473,0.966337
0.1,0.6,0.0154074,0.948433,0,-0.316979,-0.0656808,0.978297,-0.196523,0.3101,0.207209,0.927849
0.1,0.7,-0.00100908,0.982296,0,-0.187333,-0.0189723,0.994858,-0.0994829,0.18637,0.101276,0.977246
0.1,0.8,-0.00504443,0.998595,0,0.053,-0.0012858,0.999706,0.0242263,-0.0529844,-0.0242604,0.998301
0.1,0.9,0.000478544,0.998146,0,0.0608632,-0.00292679,0.998843,0.0479989,-0.0607928,-0.0480881,0.996991
0.1,1,-0.00299736,0.99918,0,0.0404902,0.0062262,0.988107,-0.153645,-0.0400086,0.153771,0.987296
0.2,-1,0.0627091,0.998706,0,-0.0508575,0.0373108,0.679545,0.732684,0.03456,-0.733634,0.678666
0.2,-0.9,0.125902,0.993643,0,-0.112574,0.0300286,0.963767,0.265049,0.108495,-0.266745,0.957641
0.2,-0.8,0.137092,0.994485,0,0.104877,-0.000259438,0.999997,0.00246009,-0.104877,-0.00247373,0.994482
0.2,-0.7,0.114939,0.977869,0,0.209216,0.0920753,0.89795,-0.430357,-0.187866,0.440097,0.878078
0.2,-0.6,0.0536036,0.993662,0,0.112407,0.0573517,0.860046,-0.506982,-0.096675,0.510216,0.854596
0.2,-0.5,0.0112252,0.999756,0,0.0221049,0.00564478,0.966845,-0.2553,-0.0213721,0.255363,0.966609
0.2,-0.4,-0.003169,0.999957,0,-0.00932642,-0.000405458,0.999055,-0.0434722,0.0093176,0.0434741,0.999011
0.2,-0.3,-0.00144164,0.999982,0,-0.00603728,0.000351054,0.998308,0.0581467,0.00602707,-0.0581477,0.99829
0.2,-0.2,0.00451706,0.999975,0,0.00703043,-0.000288767,0.999156,0.0410729,-0.0070245,-0.0410739,0.999131
0.2,-0.1,0.00319654,0.999984,0,0.00565134,0.000389965,0.997616,-0.0690029,-0.00563787,0.069004,0.9976
0.2,0,-0.00525846,0.999925,0,-0.0122263,-0.000924344,0.997138,-0.0755971,0.0121913,0.0756027,0.997063
0.2,0.1,-0.0071476,0.999739,0,-0.0228631,0.00141778,0.998075,0.0619953,0.0228191,-0.0620115,0.997815
0.2,0.2,0.0119919,0.999999,0,-0.0010873,0.000354375,0.945396,0.325923,0.00102793,-0.325923,0.945396
0.2,0.3,0.0641227,0.997212,0,0.0746231,-0.0396014,0.847569,0.529206,-0.0632482,-0.530685,0.845206
0.2,0.4,0.108886,0.988361,0,0.152126,-0.0170645,0.993689,0.110868,-0.151165,-0.112174,0.982123
0.2,0.5,0.0721687,0.990921,0,0.134446,0.0752498,0.828694,-0.55462,-0.111415,0.559702,0.82117
0.2,0.6,0.0149977,0.996443,0,0.0842736,0.0278706,0.943731,-0.329539,-0.0795316,0.330715,0.940373
0.2,0.7,-0.00210629,0.998013,0,0.0630017,0.00197307,0.999509,-0.0312555,-0.0629708,0.0313177,0.997524
0.2,0.8,0.000518292,0.99944,0,0.033454,-0.00143258,0.999083,0.0427984,-0.0334233,-0.0428224,0.998523
0.2,0.9,0.00224916,0.999811,0,-0.0194272,-0.0001244,0.999979,-0.0064022,0.0194268,0.00640341,0.999791
0.2,1,-0.000373988,0.999943,0,0.0106378,0.0004688,0.999028,-0.0440667,-0.0106275,0.0440692,0.998972
0.3,-1,0.0274259,0.939727,0,-0.341925,0.132062,0.922402,0.362953,0.315392,-0.386232,0.866806
0.3,-0.9,0.058231,0.81856,0,-0.574421,0.0926024,0.98692,0.13196,0.566907,-0.16121,0.807854
0.3,-0.8,0.0728569,0.79794,0,-0.602737,0.0470625,0.996947,0.0623043,0.600896,-0.0780814,0.795504
0.3,-0.7,0.0647975,0.853948,0,-0.520359,-0.134982,0.96577,-0.221515,0.502547,0.259401,0.824717
0.3,-0.6,0.0233721,0.953067,0,-0.302759,-0.10964,0.932125,-0.34514,0.282209,0.362136,0.888378
0.3,-0.5,-0.00375414,0.993982,0,-0.109544,-0.0157692,0.989585,-0.143086,0.108403,0.143952,0.983629
0.3,-0.4,-0.00919028,0.99979,0,-0.0205003,0.000431281,0.999779,0.0210334,0.0204958,-0.0210378,0.999569
0.3,-0.3,-0.00286043,0.999997,0,-0.00227539,0.000201648,0.996065,0.0886214,0.00226643,-0.0886216,0.996063
0.3,-0.2,0.00528844,0.999958,0,-0.00913096,0.000523481,0.998355,0.0573279,0.00911594,-0.0573303,0.998314
0.3,-0.1,0.00561182,0.999993,0,0.00374167,0.000198272,0.998595,-0.05299,-0.00373641,0.0529904,0.998588
0.3,0,-0.00224964,0.999462,0,0.0328059,0.00280138,0.996347,-0.0853467,-0.032686,0.0853926,0.995811
0.3,0.1,-0.00785616,0.999831,0,0.018376,0.000146368,0.999968,-0.0079638,-0.0183754,0.00796514,0.999799
0.3,0.2,-0.000160597,0.994789,0,-0.101955,0.0179984,0.984295,0.175614,0.100353,-0.176534,0.979165
0.3,0.3,0.0302544,0.934662,0,-0.355536,0.120405,0.94091,0.31653,0.334528,-0.338657,0.879433
0.3,0.4,0.0587003,0.85415,0,-0.520027,0.038397,0.99727,0.0630674,0.518608,-0.0738365,0.851818
0.3,0.5,0.0380643,0.922925,0,-0.38498,-0.132258,0.939136,-0.317066,0.361549,0.343545,0.866752
0.3,0.6,0.00566956,0.993595,0,-0.113004,-0.0204068,0.983559,-0.179428,0.111146,0.180584,0.977259
0.3,0.7,-0.00194688,0.999967,0,-0.00809771,3.01663e-05,0.999993,0.00372516,0.00809766,-0.00372528,0.99996
0.3,0.8,0.000668202,0.999971,0,-0.00757336,0.000150252,0.999803,0.019839,0.00757187,-0.0198396,0.999775
0.3,0.9,0.000175476,0.999899,0,-0.0141892,-0.000232826,0.999865,-0.0164071,0.0141872,0.0164087,0.999765
0.3,1,5.85195e-05,0.999999,0,0.00150881,-4.13829e-05,0.999624,0.0274276,-0.00150824,-0.0274276,0.999623
0.4,-1,0.00311041,0.990701,0,-0.136057,0.0186917,0.990518,0.136104,0.134767,-0.137381,0.981307
0.4,-0.9,0.00985001,0.959437,0,-0.281925,0.0091325,0.999475,0.0310794,0.281777,-0.0323934,0.958933
0.4,-0.8,0.0173581,0.937825,0,-0.347107,0.0419668,0.992664,0.113387,0.344561,-0.120904,0.930946
0.4,-0.7,0.0233307,0.973853,0,-0.227177,-0.0159462,0.997533,-0.0683575,0.226617,0.0701928,0.971451
0.4,-0.6,0.00866173,0.999984,0,0.00569449,0.000917669,0.98693,-0.161148,-0.00562006,0.16115,0.986914
0.4,-0.5,-0.00212344,0.992174,0,0.124859,0.00699783,0.998428,-0.0556071,-0.124663,0.0560457,0.990615
0.4,-0.4,-0.00401246,0.993602,0,0.112942,-0.00134001,0.99993,0.0117886,-0.112934,-0.0118645,0.993532
0.4,-0.3,-0.00110597,0.99937,0,0.0355019,-0.00139446,0.999228,0.0392536,-0.0354745,-0.0392784,0.998598
0.4,-0.2,0.00248335,0.999114,0,-0.0420959,0.00107629,0.999673,0.0255449,0.0420821,-0.0255676,0.998787
0.4,-0.1,0.00276025,0.998498,0,-0.0547829,-0.00116476,0.999774,-0.0212295,0.0547705,0.0212614,0.998273
0.4,0,-0.000666959,1,0,-0.000279792,-1.1328e-05,0.99918,-0.0404873,0.000279563,0.0404873,0.99918
0.4,0.1,-0.00399879,0.998658,0,0.0517837,0.00100259,0.999813,-0.0193351,-0.051774,0.019361,0.998471
0.4,0.2,-0.00320002,0.999616,0,0.0276948,-0.00116423,0.999116,0.0420219,-0.0276703,-0.0420381,0.998733
0.4,0.3,0.00524288,0.990768,0,-0.135568,0.0151967,0.993697,0.111062,0.134714,-0.112097,0.984524
0.4,0.4,0.0139265,0.95718,0,-0.289492,0.00818452,0.9996,0.0270614,0.289377,-0.028272,0.956798
0.4,0.5,0.00817023,0.981736,0,-0.190247,-0.0209528,0.993917,-0.108123,0.18909,0.110134,0.975764
0.4,0.6,-0.000554387,0.999811,0,-0.0194343,-0.00080981,0.999131,-0.0416611,0.0194175,0.041669,0.998943
0.4,0.7,-0.00141753,0.999884,0,0.0152052,-0.000211835,0.999903,0.0139301,-0.0152037,-0.0139317,0.999787
0.4,0.8,0.000129427,0.999993,0,-0.0038068,2.47007e-05,0.999979,0.00648852,0.00380672,-0.00648857,0.999972
0.4,0.9,-0.000430989,1,0,0.000487733,4.34397e-06,0.99996,-0.00890646,-0.000487714,0.00890646,0.99996
0.4,1,0.000113303,1,0,-0.000365844,1.04658e-05,0.999591,0.0286073,0.000365695,-0.0286073,0.999591
0.5,-1,-0.00301701,1,0,-9.43764e-05,1.11129e-05,0.993043,0.117751,9.37199e-05,-0.117751,0.993043
0.5,-0.9,-0.00613175,0.998558,0,-0.0536831,-0.00493083,0.995773,-0.0917183,0.0534561,0.0918508,0.994337
0.5,-0.8,-0.00426862,0.996978,0,-0.0776877,0.0136065,0.984543,0.174614,0.0764868,-0.175143,0.981567
0.5,-0.7,0.0154829,0.99802,0,0.0628977,-0.00819048,0.991485,0.129961,-0.0623621,-0.130219,0.989522
0.5,-0.6,0.0209579,0.976137,0,0.217155,0.000434771,0.999998,-0.00195434,-0.217155,0.00200212,0.976135
0.5,-0.5,0.0180192,0.967815,0,0.251662,0.012594,0.998747,-0.0484326,-0.251347,0.0500432,0.966603
0.5,-0.4,0.0114654,0.983227,0,0.182385,0.0134146,0.997291,-0.0723175,-0.181891,0.0735511,0.980564
0.5,-0.3,0.00387641,0.998066,0,0.0621628,0.00448486,0.997394,-0.0720076,-0.0620008,0.0721471,0.995465
0.5,-0.2,-0.00217076,0.998939,0,-0.0460628,-0.00203058,0.999028,-0.044036,0.0460181,0.0440828,0.997967
0.5,-0.1,-0.00417968,0.99697,0,-0.0777892,0.000343829,0.99999,0.00440661,0.0777884,-0.00442001,0.99696
0.5,0,-0.00212756,0.999607,0,-0.028031,0.000884497,0.999502,0.0315419,0.028017,-0.0315543,0.999109
0.5,0.1,0.00113149,0.999041,0,0.0437953,-0.00124961,0.999593,0.0285056,-0.0437774,-0.028533,0.998634
0.5,0.2,0.00258153,0.997278,0,0.0737298,0.000338068,0.999989,-0.00457275,-0.073729,0.00458523,0.997268
0.5,0.3,-0.00051004,0.999989,0,0.00478219,0.000246416,0.998672,-0.0515273,-0.00477584,0.0515279,0.99866
0.5,0.4,-0.00494659,0.995902,0,-0.0904383,-0.00198735,0.999759,-0.0218846,0.0904165,0.0219746,0.995662
0.5,0.5,-0.00330028,0.998818,0,-0.0486023,0.00203638,0.999122,0.0418492,0.0485596,-0.0418987,0.997941
0.5,0.6,4.3604e-05,0.999742,0,0.0227002,-0.000370041,0.999867,0.016297,-0.0226972,-0.0163012,0.999609
0.5,0.7,0.000398883,0.999844,0,0.0176403,9.25145e-05,0.999986,-0.00524367,-0.0176401,0.00524449,0.999831
0.5,0.8,-0.000214144,0.999993,0,-0.00366948,-1.12231e-05,0.999995,-0.00305849,0.00366947,0.00305851,0.999989
0.5,0.9,-4.16882e-05,0.999984,0,0.00572463,-2.16525e-05,0.999993,0.00378228,-0.00572459,-0.00378234,0.999976
0.5,1,-5.19044e-06,0.999998,0,-0.00195672,-1.13296e-05,0.999983,-0.00579008,0.00195669,0.00579009,0.999981
0.6,-1,0.000115501,0.998856,0,0.0478097,-0.00539301,0.993618,0.112673,-0.0475045,-0.112802,0.992481
0.6,-0.9,-0.00649602,0.999829,0,0.0185024,0.00229323,0.992289,-0.123921,-0.0183598,0.123942,0.99212
0.6,-0.8,-0.00132821,0.992732,0,0.120342,-0.0338248,0.959687,0.279029,-0.115491,-0.281072,0.952712
0.6,-0.7,0.0332758,0.963079,0,0.269219,-0.0695685,0.966036,0.248868,-0.260075,-0.258409,0.930369
0.6,-0.6,0.0496014,0.948881,0,0.315635,-0.0169037,0.998565,0.0508169,-0.315182,-0.0535545,0.947519
0.6,-0.5,0.0464873,0.959823,0,0.280607,0.0284002,0.994865,-0.0971435,-0.279166,0.10121,0.954894
0.6,-0.4,0.0310085,0.981518,0,0.191371,0.0351825,0.982955,-0.180447,-0.188109,0.183845,0.964788
0.6,-0.3,0.0109826,0.996972,0,0.0777652,0.014982,0.981266,-0.192074,-0.0763084,0.192657,0.978295
0.6,-0.2,-0.00577156,0.999778,0,-0.0210623,-0.00261439,0.992266,-0.124099,0.0208994,0.124126,0.992046
0.6,-0.1,-0.0116633,0.997846,0,-0.0655977,0.000616164,0.999956,0.00937283,0.0655948,-0.00939306,0.997802
0.6,0,-0.00609731,0.998729,0,-0.0503989,0.00444109,0.99611,0.0880069,0.0502028,-0.0881189,0.994844
0.6,0.1,0.00338567,0.999984,0,-0.00566877,0.000495542,0.996172,0.0874147,0.00564707,-0.0874161,0.996156
0.6,0.2,0.00878723,0.999346,0,0.0361646,-0.000251074,0.999976,0.00693799,-0.0361638,-0.00694253,0.999322
0.6,0.3,0.00280116,0.999014,0,0.0444072,0.00502274,0.993583,-0.112995,-0.0441222,0.113107,0.992603
0.6,0.4,-0.0073939,0.99966,0,0.0260639,0.00141019,0.998535,-0.0540867,-0.0260257,0.054105,0.998196
0.6,0.5,-0.00416898,0.999834,0,0.0182466,-0.00160217,0.996138,0.0877919,-0.0181761,-0.0878065,0.995972
0.6,0.6,0.00224847,0.999919,0,0.0126984,-0.000265288,0.999782,0.0208897,-0.0126957,-0.0208914,0.999701
0.6,0.7,0.00141546,1,0,-0.0007896,-2.06912e-05,0.999657,-0.0262046,0.000789329,0.0262046,0.999656
0.6,0.8,-0.000725456,0.999974,0,-0.00716144,-3.7673e-05,0.999986,-0.00526039,0.00716135,0.00526052,0.999961
0.6,0.9,0.000399245,0.999999,0,0.00152038,-2.28669e-05,0.999887,0.0150402,-0.00152021,-0.0150402,0.999886
0.6,1,-0.000268584,0.999995,0,-0.00326382,-0.000134212,0.999154,-0.041121,0.00326106,0.0411212,0.999149
0.7,-1,0.0034365,0.999997,0,0.00228704,3.48655e-06,0.999999,-0.00152448,-0.00228703,0.00152448,0.999996
0.7,-0.9,-0.00485343,0.999747,0,0.022496,0.00138611,0.9981,-0.0616004,-0.0224532,0.061616,0.997847
0.7,-0.8,0.0109131,0.99916,0,0.0409909,-0.0159586,0.921102,0.388994,-0.0377568,-0.389322,0.920328
0.7,-0.7,0.0550089,0.99992,0,-0.012688,0.00383437,0.953243,0.302181,0.0120947,-0.302205,0.953166
0.7,-0.6,0.0707859,0.997236,0,-0.0743027,0.00152734,0.999789,0.0204988,0.074287,-0.0205556,0.997025
0.7,-0.5,0.0630666,0.995945,0,-0.0899659,-0.0141455,0.987562,-0.156594,0.0888468,0.157232,0.983557
0.7,-0.4,0.0417833,0.997961,0,-0.0638217,-0.0155054,0.970039,-0.242453,0.0619095,0.242949,0.968062
0.7,-0.3,0.0158419,0.999812,0,-0.019407,-0.00475958,0.96946,-0.245205,0.0188143,0.245251,0.969277
0.7,-0.2,-0.00585346,0.999815,0,0.0192194,0.00314755,0.986499,-0.163739,-0.0189599,0.16377,0.986316
0.7,-0.1,-0.014651,0.999592,0,0.0285756,0.000204507,0.999974,-0.00715376,-0.0285749,0.00715668,0.999566
0.7,0,-0.00965599,0.999975,0,0.00705,-0.000650526,0.995734,0.0922709,-0.00701992,-0.0922732,0.995709
0.7,0.1,0.00100513,0.999764,0,-0.0217441,0.00229496,0.994415,0.105519,0.0216227,-0.105544,0.99418
0.7,0.2,0.00869834,0.999464,0,-0.0327328,0.00108922,0.999446,0.0332584,0.0327146,-0.0332762,0.998911
0.7,0.3,0.00543512,0.999994,0,-0.00339034,-0.000299462,0.996091,-0.0883274,0.00337709,0.0883279,0.996086
0.7,0.4,-0.00326561,0.99933,0,0.0365934,0.00197046,0.998549,-0.0538112,-0.0365403,0.0538473,0.99788
0.7,0.5,-0.00182033,0.999785,0,0.020759,-0.00122004,0.998271,0.0587589,-0.0207231,-0.0587716,0.998056
0.7,0.6,0.00213429,0.99996,0,-0.00898545,4.6699e-05,0.999986,0.00519697,0.00898533,-0.00519718,0.999946
0.7,0.7,0.000519609,0.999954,0,-0.00954527,-0.000261982,0.999623,-0.027445,0.00954167,0.0274462,0.999578
0.7,0.8,-0.00135063,0.999999,0,-0.00123625,1.06672e-07,1,8.62866e-05,0.00123625,-8.62867e-05,0.999999
0.7,0.9,0.000285793,0.999999,0,-0.00152262,2.79367e-05,0.999832,0.0183478,0.00152236,-0.0183478,0.999831
0.7,1,-0.000547746,0.999999,0,-0.00113502,-5.59545e-05,0.998784,-0.0492983,0.00113364,0.0492984,0.998783
0.8,-1,0.000721028,0.999068,0,-0.0431567,0.00368604,0.996346,0.0853311,0.0429989,-0.0854107,0.995418
0.8,-0.9,-0.00185454,0.999473,0,0.0324638,0.00186966,0.99834,-0.0575618,-0.0324099,0.0575921,0.997814
0.8,-0.8,0.0046275,0.992323,0,-0.12367,0.0272717,0.975382,0.218828,0.120625,-0.220521,0.967895
0.8,-0.7,0.0283406,0.923274,0,-0.384143,0.0549356,0.989722,0.132036,0.380194,-0.143008,0.913784
0.8,-0.6,0.0346876,0.885852,0,-0.463968,-0.00366105,0.999969,-0.00699002,0.463954,0.00789073,0.885824
0.8,-0.5,0.0297264,0.905646,0,-0.424034,-0.0319183,0.997163,-0.0681706,0.422831,0.0752729,0.903077
0.8,-0.4,0.0192939,0.954265,0,-0.298961,-0.0337119,0.993622,-0.107607,0.297054,0.112764,0.948179
0.8,-0.3,0.00721506,0.99249,0,-0.12233,-0.0140247,0.993406,-0.113786,0.121523,0.114647,0.985945
0.8,-0.2,-0.0026882,0.999293,0,0.0375937,0.00282509,0.997172,-0.0750947,-0.0374874,0.0751479,0.996468
0.8,-0.1,-0.00670425,0.99434,0,0.106244,0.000403859,0.999993,-0.00377974,-0.106243,0.00380126,0.994333
0.8,0,-0.00451305,0.997082,0,0.0763352,-0.00313594,0.999156,0.0409614,-0.0762707,-0.0410812,0.99624
0.8,0.1,0.000260876,0.999997,0,0.00240543,-0.000114924,0.998858,0.0477767,-0.00240269,-0.0477768,0.998855
0.8,0.2,0.00377114,0.998414,0,-0.0562937,0.000897078,0.999873,0.0159104,0.0562865,-0.0159357,0.998287
0.8,0.3,0.00245722,0.999005,0,-0.0445906,-0.00168679,0.999284,-0.0377908,0.0445587,0.0378284,0.99829
0.8,0.4,-0.00125904,0.999968,0,0.00795111,0.000179425,0.999745,-0.0225653,-0.00794909,0.022566,0.999714
0.8,0.5,-0.000518695,0.999977,0,0.00678725,-0.000178496,0.999654,0.0262981,-0.0067849,-0.0262987,0.999631
0.8,0.6,0.00108605,0.99994,0,-0.0109697,-8.86281e-06,1,-0.000807884,0.0109697,0.000807933,0.99994
0.8,0.7,3.40787e-05,0.999999,0,-0.00125197,-1.87659e-05,0.999888,-0.0149891,0.00125183,0.0149891,0.999887
0.8,0.8,-0.000863988,0.999961,0,0.00884181,-2.00708e-05,0.999997,0.0022699,-0.00884179,-0.00226999,0.999958
0.8,0.9,0.000233421,1,0,-1.86292e-05,2.0272e-07,0.999941,0.0108818,1.86281e-05,-0.0108818,0.999941
0.8,1,-0.000451839,0.999997,0,0.00254856,8.50984e-05,0.999442,-0.0333907,-0.00254714,0.0333908,0.999439
