x,y,z,tau1_x,tau1_y,tau1_z,tau2_x,tau2_y,tau2_z,normal_x,normal_y,normal_z
-0.982525,-0.982525,1.40214,0.999922,0,-0.0124833,-0.000155822,0.999922,-0.0124814,0.0124824,0.0124824,0.999844
-0.994799,-0.842163,1.40061,0.999993,0,-0.00371489,-3.97499e-05,0.999943,-0.0107001,0.00371468,0.0107002,0.999936
-1.00519,-0.701802,1.39923,0.999993,0,0.00370532,3.30402e-05,0.99996,-0.00891689,-0.00370517,0.00891696,0.999953
-1.01369,-0.561442,1.39805,0.999952,0,0.00977601,6.97359e-05,0.999975,-0.00713303,-0.00977576,0.00713337,0.999927
-1.0203,-0.421082,1.39709,0.999895,0,0.0144969,7.75555e-05,0.999986,-0.00534922,-0.0144967,0.00534978,0.999881
-1.02502,-0.280721,1.39639,0.99984,0,0.0178685,6.37253e-05,0.999994,-0.00356579,-0.0178683,0.00356636,0.999834
-1.02785,-0.140361,1.39596,0.999802,0,0.0198911,3.54681e-05,0.999998,-0.00178277,-0.019891,0.00178312,0.999801
-1.02879,-6.19772e-16,1.39582,0.999789,0,0.0205652,-9.10412e-18,1,4.42601e-16,-0.0205652,-4.42695e-16,0.999789
-1.02785,0.140361,1.39596,0.999802,0,0.0198911,-3.54681e-05,0.999998,0.00178277,-0.019891,-0.00178312,0.999801
-1.02502,0.280721,1.39639,0.99984,0,0.0178685,-6.37253e-05,0.999994,0.00356579,-0.0178683,-0.00356636,0.999834
-1.0203,0.421082,1.39709,0.999895,0,0.0144969,-7.75555e-05,0.999986,0.00534922,-0.0144967,-0.00534978,0.999881
-1.01369,0.561442,1.39805,0.999952,0,0.00977601,-6.97359e-05,0.999975,0.00713303,-0.00977576,-0.00713337,0.999927
-1.00519,0.701802,1.39923,0.999993,0,0.00370532,-3.30402e-05,0.99996,0.00891689,-0.00370517,-0.00891696,0.999953
-0.994799,0.842163,1.40061,0.999993,0,-0.00371489,3.97499e-05,0.999943,0.0107001,0.00371468,-0.0107002,0.999936
-0.982525,0.982525,1.40214,0.999922,0,-0.0124833,0.000155822,0.999922,0.0124814,0.0124824,-0.0124824,0.999844
-0.842163,-0.994799,1.40061,0.999943,0,-0.0107002,-3.97479e-05,0.999993,-0.00371447,0.0107002,0.00371468,0.999936
-0.852685,-0.852685,1.40019,0.999995,0,-0.0031842,-1.01391e-05,0.999995,-0.00318417,0.00318418,0.00318418,0.99999
-0.861589,-0.710571,1.39978,0.999995,0,0.003176,8.42747e-06,0.999996,-0.00265348,-0.00317598,0.00265349,0.999991
-0.868874,-0.568457,1.3994,0.999965,0,0.00837954,1.77875e-05,0.999998,-0.00212266,-0.00837952,0.00212273,0.999963
-0.87454,-0.426343,1.39908,0.999923,0,0.0124263,1.97824e-05,0.999999,-0.00159186,-0.0124263,0.00159198,0.999922
-0.878586,-0.284228,1.39883,0.999883,0,0.0153165,1.62551e-05,0.999999,-0.00106116,-0.0153165,0.00106128,0.999882
-0.881013,-0.142114,1.39868,0.999855,0,0.0170504,9.04737e-06,1,-0.000530548,-0.0170504,0.000530625,0.999854
-0.881823,-5.07493e-18,1.39863,0.999845,0,0.0176283,-6.39018e-20,1,3.62439e-18,-0.0176283,-3.62495e-18,0.999845
-0.881013,0.142114,1.39868,0.999855,0,0.0170504,-9.04737e-06,1,0.000530548,-0.0170504,-0.000530625,0.999854
-0.878586,0.284228,1.39883,0.999883,0,0.0153165,-1.62551e-05,0.999999,0.00106116,-0.0153165,-0.00106128,0.999882
-0.87454,0.426343,1.39908,0.999923,0,0.0124263,-1.97824e-05,0.999999,0.00159186,-0.0124263,-0.00159198,0.999922
-0.868874,0.568457,1.3994,0.999965,0,0.00837954,-1.77875e-05,0.999998,0.00212266,-0.00837952,-0.00212273,0.999963
-0.861589,0.710571,1.39978,0.999995,0,0.003176,-8.42747e-06,0.999996,0.00265348,-0.00317598,-0.00265349,0.999991
-0.852685,0.852685,1.40019,0.999995,0,-0.0031842,1.01391e-05,0.999995,0.00318417,0.00318418,-0.00318418,0.99999
-0.842163,0.994799,1.40061,0.999943,0,-0.0107002,3.97479e-05,0.999993,0.00371447,0.0107002,-0.00371468,0.999936
-0.701802,-1.00519,1.39923,0.99996,0,-0.00891702,3.30391e-05,0.999993,0.00370503,0.00891696,-0.00370517,0.999953
-0.710571,-0.861589,1.39978,0.999996,0,-0.0026535,8.42748e-06,0.999995,0.00317597,0.00265349,-0.00317598,0.999991
-0.717991,-0.717991,1.4002,0.999996,0,0.00264667,-7.00482e-06,0.999996,0.00264665,-0.00264666,-0.00264666,0.999993
-0.724062,-0.574393,1.40051,0.999976,0,0.00698302,-1.47851e-05,0.999998,0.00211723,-0.00698301,-0.00211729,0.999973
-0.728783,-0.430795,1.40074,0.999946,0,0.0103555,-1.64437e-05,0.999999,0.00158783,-0.0103555,-0.00158792,0.999945
-0.732156,-0.287196,1.40089,0.999919,0,0.0127642,-1.3512e-05,0.999999,0.0010585,-0.0127642,-0.00105858,0.999918
-0.734179,-0.143598,1.40097,0.999899,0,0.0142093,-7.52072e-06,1,0.000529228,-0.0142093,-0.000529282,0.999899
-0.734853,3.68497e-16,1.401,0.999892,0,0.014691,3.86685e-18,1,-2.63184e-16,-0.014691,2.63212e-16,0.999892
-0.734179,0.143598,1.40097,0.999899,0,0.0142093,7.52072e-06,1,-0.000529228,-0.0142093,0.000529282,0.999899
-0.732156,0.287196,1.40089,0.999919,0,0.0127642,1.3512e-05,0.999999,-0.0010585,-0.0127642,0.00105858,0.999918
-0.728783,0.430795,1.40074,0.999946,0,0.0103555,1.64437e-05,0.999999,-0.00158783,-0.0103555,0.00158792,0.999945
-0.724062,0.574393,1.40051,0.999976,0,0.00698302,1.47851e-05,0.999998,-0.00211723,-0.00698301,0.00211729,0.999973
-0.717991,0.717991,1.4002,0.999996,0,0.00264667,7.00482e-06,0.999996,-0.00264665,-0.00264666,0.00264666,0.999993
-0.710571,0.861589,1.39978,0.999996,0,-0.0026535,-8.42748e-06,0.999995,-0.00317597,0.00265349,0.00317598,0.999991
-0.701802,1.00519,1.39923,0.99996,0,-0.00891702,-3.30391e-05,0.999993,-0.00370503,0.00891696,0.00370517,0.999953
-0.561442,-1.01369,1.39805,0.999975,0,-0.00713372,6.97375e-05,0.999952,0.00977551,0.00713337,-0.00977576,0.999927
-0.568457,-0.868874,1.3994,0.999998,0,-0.0021228,1.77881e-05,0.999965,0.0083795,0.00212273,-0.00837952,0.999963
-0.574393,-0.724062,1.40051,0.999998,0,0.00211734,-1.47854e-05,0.999976,0.00698299,-0.00211729,-0.00698301,0.999973
-0.57925,-0.57925,1.4014,0.999984,0,0.00558647,-3.12081e-05,0.999984,0.00558629,-0.00558638,-0.00558638,0.999969
-0.583027,-0.434437,1.40208,0.999966,0,0.00828455,-3.47101e-05,0.999991,0.00418959,-0.00828448,-0.00418974,0.999957
-0.585725,-0.289625,1.40256,0.999948,0,0.0102116,-2.85224e-05,0.999996,0.00279298,-0.0102116,-0.00279312,0.999944
-0.587344,-0.144812,1.40285,0.999935,0,0.0113678,-1.58757e-05,0.999999,0.00139646,-0.0113678,-0.00139655,0.999934
-0.587883,5.41591e-16,1.40295,0.999931,0,0.0117532,4.54675e-18,1,-3.86824e-16,-0.0117532,3.8685e-16,0.999931
-0.587344,0.144812,1.40285,0.999935,0,0.0113678,1.58757e-05,0.999999,-0.00139646,-0.0113678,0.00139655,0.999934
-0.585725,0.289625,1.40256,0.999948,0,0.0102116,2.85224e-05,0.999996,-0.00279298,-0.0102116,0.00279312,0.999944
-0.583027,0.434437,1.40208,0.999966,0,0.00828455,3.47101e-05,0.999991,-0.00418959,-0.00828448,0.00418974,0.999957
-0.57925,0.57925,1.4014,0.999984,0,0.00558647,3.12081e-05,0.999984,-0.00558629,-0.00558638,0.00558638,0.999969
-0.574393,0.724062,1.40051,0.999998,0,0.00211734,1.47854e-05,0.999976,-0.00698299,-0.00211729,0.00698301,0.999973
-0.568457,0.868874,1.3994,0.999998,0,-0.0021228,-1.77881e-05,0.999965,-0.0083795,0.00212273,0.00837952,0.999963
-0.561442,1.01369,1.39805,0.999975,0,-0.00713372,-6.97375e-05,0.999952,-0.00977551,0.00713337,0.00977576,0.999927
-0.421082,-1.0203,1.39709,0.999986,0,-0.00535035,7.75625e-05,0.999895,0.0144965,0.00534978,-0.0144967,0.999881
-0.426343,-0.87454,1.39908,0.999999,0,-0.00159211,1.97839e-05,0.999923,0.0124263,0.00159198,-0.0124263,0.999922
-0.430795,-0.728783,1.40074,0.999999,0,0.001588,-1.64445e-05,0.999946,0.0103555,-0.00158792,-0.0103555,0.999945
-0.434437,-0.583027,1.40208,0.999991,0,0.00418988,-3.4711e-05,0.999966,0.0082844,-0.00418974,-0.00828448,0.999957
-0.43727,-0.43727,1.40313,0.999981,0,0.00621351,-3.86069e-05,0.999981,0.00621327,-0.00621339,-0.00621339,0.999961
-0.439294,-0.291513,1.40387,0.999971,0,0.00765891,-3.17252e-05,0.999991,0.00414214,-0.00765884,-0.00414226,0.999962
-0.440508,-0.145757,1.40431,0.999964,0,0.00852612,-1.76587e-05,0.999998,0.00207105,-0.00852611,-0.00207113,0.999962
-0.440913,5.52754e-16,1.40446,0.999961,0,0.00881519,3.48045e-18,1,-3.94809e-16,-0.00881519,3.94824e-16,0.999961
-0.440508,0.145757,1.40431,0.999964,0,0.00852612,1.76587e-05,0.999998,-0.00207105,-0.00852611,0.00207113,0.999962
-0.439294,0.291513,1.40387,0.999971,0,0.00765891,3.17252e-05,0.999991,-0.00414214,-0.00765884,0.00414226,0.999962
-0.43727,0.43727,1.40313,0.999981,0,0.00621351,3.86069e-05,0.999981,-0.00621327,-0.00621339,0.00621339,0.999961
-0.434437,0.583027,1.40208,0.999991,0,0.00418988,3.4711e-05,0.999966,-0.0082844,-0.00418974,0.00828448,0.999957
-0.430795,0.728783,1.40074,0.999999,0,0.001588,1.64445e-05,0.999946,-0.0103555,-0.00158792,0.0103555,0.999945
-0.426343,0.87454,1.39908,0.999999,0,-0.00159211,-1.97839e-05,0.999923,-0.0124263,0.00159198,0.0124263,0.999922
-0.421082,1.0203,1.39709,0.999986,0,-0.00535035,-7.75625e-05,0.999895,-0.0144965,0.00534978,0.0144967,0.999881
-0.280721,-1.02502,1.39639,0.999994,0,-0.00356693,6.3735e-05,0.99984,0.0178682,0.00356636,-0.0178683,0.999834
-0.284228,-0.878586,1.39883,0.999999,0,-0.0010614,1.6257e-05,0.999883,0.0153164,0.00106128,-0.0153165,0.999882
-0.287196,-0.732156,1.40089,0.999999,0,0.00105867,-1.3513e-05,0.999919,0.0127642,-0.00105858,-0.0127642,0.999918
-0.289625,-0.585725,1.40256,0.999996,0,0.00279327,-2.85237e-05,0.999948,0.0102116,-0.00279312,-0.0102116,0.999944
-0.291513,-0.439294,1.40387,0.999991,0,0.00414238,-3.17258e-05,0.999971,0.00765878,-0.00414226,-0.00765884,0.999962
-0.292863,-0.292863,1.40479,0.999987,0,0.00510602,-2.60711e-05,0.999987,0.00510589,-0.00510595,-0.00510595,0.999974
-0.293672,-0.146431,1.40535,0.999984,0,0.0056842,-1.45117e-05,0.999997,0.00255295,-0.00568418,-0.00255299,0.999981
-0.293942,4.44125e-16,1.40554,0.999983,0,0.00587692,1.86435e-18,1,-3.17227e-16,-0.00587692,3.17232e-16,0.999983
-0.293672,0.146431,1.40535,0.999984,0,0.0056842,1.45117e-05,0.999997,-0.00255295,-0.00568418,0.00255299,0.999981
-0.292863,0.292863,1.40479,0.999987,0,0.00510602,2.60711e-05,0.999987,-0.00510589,-0.00510595,0.00510595,0.999974
-0.291513,0.439294,1.40387,0.999991,0,0.00414238,3.17258e-05,0.999971,-0.00765878,-0.00414226,0.00765884,0.999962
-0.289625,0.585725,1.40256,0.999996,0,0.00279327,2.85237e-05,0.999948,-0.0102116,-0.00279312,0.0102116,0.999944
-0.287196,0.732156,1.40089,0.999999,0,0.00105867,1.3513e-05,0.999919,-0.0127642,-0.00105858,0.0127642,0.999918
-0.284228,0.878586,1.39883,0.999999,0,-0.0010614,-1.6257e-05,0.999883,-0.0153164,0.00106128,0.0153165,0.999882
-0.280721,1.02502,1.39639,0.999994,0,-0.00356693,-6.3735e-05,0.99984,-0.0178682,0.00356636,0.0178683,0.999834
-0.140361,-1.02785,1.39596,0.999998,0,-0.00178347,3.54751e-05,0.999802,0.019891,0.00178312,-0.019891,0.999801
-0.142114,-0.881013,1.39868,1,0,-0.000530702,9.04868e-06,0.999855,0.0170504,0.000530625,-0.0170504,0.999854
-0.143598,-0.734179,1.40097,1,0,0.000529335,-7.52148e-06,0.999899,0.0142093,-0.000529282,-0.0142093,0.999899
-0.144812,-0.587344,1.40285,0.999999,0,0.00139664,-1.58767e-05,0.999935,0.0113678,-0.00139655,-0.0113678,0.999934
-0.145757,-0.440508,1.40431,0.999998,0,0.0020712,-1.76593e-05,0.999964,0.00852609,-0.00207113,-0.00852611,0.999962
-0.146431,-0.293672,1.40535,0.999997,0,0.00255304,-1.45119e-05,0.999984,0.00568416,-0.00255299,-0.00568418,0.999981
-0.146836,-0.146836,1.40598,0.999996,0,0.00284213,-8.07769e-06,0.999996,0.00284211,-0.00284212,-0.00284212,0.999992
-0.146971,2.57735e-16,1.40618,0.999996,0,0.0029385,5.40968e-19,1,-1.84096e-16,-0.0029385,1.84097e-16,0.999996
-0.146836,0.146836,1.40598,0.999996,0,0.00284213,8.07769e-06,0.999996,-0.00284211,-0.00284212,0.00284212,0.999992
-0.146431,0.293672,1.40535,0.999997,0,0.00255304,1.45119e-05,0.999984,-0.00568416,-0.00255299,0.00568418,0.999981
-0.145757,0.440508,1.40431,0.999998,0,0.0020712,1.76593e-05,0.999964,-0.00852609,-0.00207113,0.00852611,0.999962
-0.144812,0.587344,1.40285,0.999999,0,0.00139664,1.58767e-05,0.999935,-0.0113678,-0.00139655,0.0113678,0.999934
-0.143598,0.734179,1.40097,1,0,0.000529335,7.52148e-06,0.999899,-0.0142093,-0.000529282,0.0142093,0.999899
-0.142114,0.881013,1.39868,1,0,-0.000530702,-9.04868e-06,0.999855,-0.0170504,0.000530625,0.0170504,0.999854
-0.140361,1.02785,1.39596,0.999998,0,-0.00178347,-3.54751e-05,0.999802,-0.019891,0.00178312,0.019891,0.999801
-7.90346e-16,-1.02879,1.39582,1,0,5.64652e-16,-1.16122e-17,0.999789,0.0205652,-5.64533e-16,-0.0205652,0.999789
-1.74553e-16,-0.881823,1.39863,1,0,1.247e-16,-2.19826e-18,0.999845,0.0176283,-1.24681e-16,-0.0176283,0.999845
1.89736e-16,-0.734853,1.401,1,0,-1.35541e-16,1.99122e-18,0.999892,0.014691,1.35526e-16,-0.014691,0.999892
3.46215e-16,-0.587883,1.40295,1,0,-2.47313e-16,2.90673e-18,0.999931,0.0117532,2.47296e-16,-0.0117532,0.999931
3.41378e-16,-0.440913,1.40446,1,0,-2.43851e-16,2.14959e-18,0.999961,0.00881519,2.43841e-16,-0.00881519,0.999961
2.15877e-16,-0.293942,1.40554,1,0,-1.54201e-16,9.06225e-19,0.999983,0.00587692,1.54198e-16,-0.00587692,0.999983
1.59377e-17,-0.146971,1.40618,1,0,-1.13841e-17,3.34522e-20,0.999996,0.0029385,1.13841e-17,-0.0029385,0.999996
-2.14173e-16,3.21032e-17,1.4064,1,0,1.52981e-16,3.50799e-33,1,-2.29309e-17,-1.52981e-16,2.29309e-17,1
-4.32139e-16,0.146971,1.40618,1,0,3.08672e-16,9.07034e-19,0.999996,-0.0029385,-3.08671e-16,0.0029385,0.999996
-5.90446e-16,0.293942,1.40554,1,0,4.21755e-16,2.47862e-18,0.999983,-0.00587692,-4.21747e-16,0.00587692,0.999983
-6.48111e-16,0.440913,1.40446,1,0,4.62954e-16,4.08103e-18,0.999961,-0.00881519,-4.62936e-16,0.00881519,0.999961
-5.59757e-16,0.587883,1.40295,1,0,3.99854e-16,4.69958e-18,0.999931,-0.0117532,-3.99826e-16,0.0117532,0.999931
-2.79867e-16,0.734853,1.401,1,0,1.99927e-16,2.93712e-18,0.999892,-0.014691,-1.99905e-16,0.014691,0.999892
2.33718e-16,0.881823,1.39863,1,0,-1.66967e-16,-2.94335e-18,0.999845,-0.0176283,1.66941e-16,0.0176283,0.999845
1.02587e-15,1.02879,1.39582,1,0,-7.32921e-16,-1.50727e-17,0.999789,-0.0205652,7.32766e-16,0.0205652,0.999789
0.140361,-1.02785,1.39596,0.999998,0,0.00178347,-3.54751e-05,0.999802,0.019891,-0.00178312,-0.019891,0.999801
0.142114,-0.881013,1.39868,1,0,0.000530702,-9.04868e-06,0.999855,0.0170504,-0.000530625,-0.0170504,0.999854
0.143598,-0.734179,1.40097,1,0,-0.000529335,7.52148e-06,0.999899,0.0142093,0.000529282,-0.0142093,0.999899
0.144812,-0.587344,1.40285,0.999999,0,-0.00139664,1.58767e-05,0.999935,0.0113678,0.00139655,-0.0113678,0.999934
0.145757,-0.440508,1.40431,0.999998,0,-0.0020712,1.76593e-05,0.999964,0.00852609,0.00207113,-0.00852611,0.999962
0.146431,-0.293672,1.40535,0.999997,0,-0.00255304,1.45119e-05,0.999984,0.00568416,0.00255299,-0.00568418,0.999981
0.146836,-0.146836,1.40598,0.999996,0,-0.00284213,8.07769e-06,0.999996,0.00284211,0.00284212,-0.00284212,0.999992
0.146971,-1.90949e-16,1.40618,0.999996,0,-0.0029385,4.00788e-19,1,1.36391e-16,0.0029385,-1.36392e-16,0.999996
0.146836,0.146836,1.40598,0.999996,0,-0.00284213,-8.07769e-06,0.999996,-0.00284211,0.00284212,0.00284212,0.999992
0.146431,0.293672,1.40535,0.999997,0,-0.00255304,-1.45119e-05,0.999984,-0.00568416,0.00255299,0.00568418,0.999981
0.145757,0.440508,1.40431,0.999998,0,-0.0020712,-1.76593e-05,0.999964,-0.00852609,0.00207113,0.00852611,0.999962
0.144812,0.587344,1.40285,0.999999,0,-0.00139664,-1.58767e-05,0.999935,-0.0113678,0.00139655,0.0113678,0.999934
0.143598,0.734179,1.40097,1,0,-0.000529335,-7.52148e-06,0.999899,-0.0142093,0.000529282,0.0142093,0.999899
0.142114,0.881013,1.39868,1,0,0.000530702,9.04868e-06,0.999855,-0.0170504,-0.000530625,0.0170504,0.999854
0.140361,1.02785,1.39596,0.999998,0,0.00178347,3.54751e-05,0.999802,-0.019891,-0.00178312,0.019891,0.999801
0.280721,-1.02502,1.39639,0.999994,0,0.00356693,-6.3735e-05,0.99984,0.0178682,-0.00356636,-0.0178683,0.999834
0.284228,-0.878586,1.39883,0.999999,0,0.0010614,-1.6257e-05,0.999883,0.0153164,-0.00106128,-0.0153165,0.999882
0.287196,-0.732156,1.40089,0.999999,0,-0.00105867,1.3513e-05,0.999919,0.0127642,0.00105858,-0.0127642,0.999918
0.289625,-0.585725,1.40256,0.999996,0,-0.00279327,2.85237e-05,0.999948,0.0102116,0.00279312,-0.0102116,0.999944
0.291513,-0.439294,1.40387,0.999991,0,-0.00414238,3.17258e-05,0.999971,0.00765878,0.00414226,-0.00765884,0.999962
0.292863,-0.292863,1.40479,0.999987,0,-0.00510602,2.60711e-05,0.999987,0.00510589,0.00510595,-0.00510595,0.999974
0.293672,-0.146431,1.40535,0.999984,0,-0.0056842,1.45117e-05,0.999997,0.00255295,0.00568418,-0.00255299,0.999981
0.293942,-3.69902e-16,1.40554,0.999983,0,-0.00587692,1.55277e-18,1,2.64211e-16,0.00587692,-2.64216e-16,0.999983
0.293672,0.146431,1.40535,0.999984,0,-0.0056842,-1.45117e-05,0.999997,-0.00255295,0.00568418,0.00255299,0.999981
0.292863,0.292863,1.40479,0.999987,0,-0.00510602,-2.60711e-05,0.999987,-0.00510589,0.00510595,0.00510595,0.999974
0.291513,0.439294,1.40387,0.999991,0,-0.00414238,-3.17258e-05,0.999971,-0.00765878,0.00414226,0.00765884,0.999962
0.289625,0.585725,1.40256,0.999996,0,-0.00279327,-2.85237e-05,0.999948,-0.0102116,0.00279312,0.0102116,0.999944
0.287196,0.732156,1.40089,0.999999,0,-0.00105867,-1.3513e-05,0.999919,-0.0127642,0.00105858,0.0127642,0.999918
0.284228,0.878586,1.39883,0.999999,0,0.0010614,1.6257e-05,0.999883,-0.0153164,-0.00106128,0.0153165,0.999882
0.280721,1.02502,1.39639,0.999994,0,0.00356693,6.3735e-05,0.99984,-0.0178682,-0.00356636,0.0178683,0.999834
0.421082,-1.0203,1.39709,0.999986,0,0.00535035,-7.75625e-05,0.999895,0.0144965,-0.00534978,-0.0144967,0.999881
0.426343,-0.87454,1.39908,0.999999,0,0.00159211,-1.97839e-05,0.999923,0.0124263,-0.00159198,-0.0124263,0.999922
0.430795,-0.728783,1.40074,0.999999,0,-0.001588,1.64445e-05,0.999946,0.0103555,0.00158792,-0.0103555,0.999945
0.434437,-0.583027,1.40208,0.999991,0,-0.00418988,3.4711e-05,0.999966,0.0082844,0.00418974,-0.00828448,0.999957
0.43727,-0.43727,1.40313,0.999981,0,-0.00621351,3.86069e-05,0.999981,0.00621327,0.00621339,-0.00621339,0.999961
0.439294,-0.291513,1.40387,0.999971,0,-0.00765891,3.17252e-05,0.999991,0.00414214,0.00765884,-0.00414226,0.999962
0.440508,-0.145757,1.40431,0.999964,0,-0.00852612,1.76587e-05,0.999998,0.00207105,0.00852611,-0.00207113,0.999962
0.440913,-4.65668e-16,1.40446,0.999961,0,-0.00881519,2.93211e-18,1,3.32607e-16,0.00881519,-3.3262e-16,0.999961
0.440508,0.145757,1.40431,0.999964,0,-0.00852612,-1.76587e-05,0.999998,-0.00207105,0.00852611,0.00207113,0.999962
0.439294,0.291513,1.40387,0.999971,0,-0.00765891,-3.17252e-05,0.999991,-0.00414214,0.00765884,0.00414226,0.999962
0.43727,0.43727,1.40313,0.999981,0,-0.00621351,-3.86069e-05,0.999981,-0.00621327,0.00621339,0.00621339,0.999961
0.434437,0.583027,1.40208,0.999991,0,-0.00418988,-3.4711e-05,0.999966,-0.0082844,0.00418974,0.00828448,0.999957
0.430795,0.728783,1.40074,0.999999,0,-0.001588,-1.64445e-05,0.999946,-0.0103555,0.00158792,0.0103555,0.999945
0.426343,0.87454,1.39908,0.999999,0,0.00159211,1.97839e-05,0.999923,-0.0124263,-0.00159198,0.0124263,0.999922
0.421082,1.0203,1.39709,0.999986,0,0.00535035,7.75625e-05,0.999895,-0.0144965,-0.00534978,0.0144967,0.999881
0.561442,-1.01369,1.39805,0.999975,0,0.00713372,-6.97375e-05,0.999952,0.00977551,-0.00713337,-0.00977576,0.999927
0.568457,-0.868874,1.3994,0.999998,0,0.0021228,-1.77881e-05,0.999965,0.0083795,-0.00212273,-0.00837952,0.999963
0.574393,-0.724062,1.40051,0.999998,0,-0.00211734,1.47854e-05,0.999976,0.00698299,0.00211729,-0.00698301,0.999973
0.57925,-0.57925,1.4014,0.999984,0,-0.00558647,3.12081e-05,0.999984,0.00558629,0.00558638,-0.00558638,0.999969
0.583027,-0.434437,1.40208,0.999966,0,-0.00828455,3.47101e-05,0.999991,0.00418959,0.00828448,-0.00418974,0.999957
0.585725,-0.289625,1.40256,0.999948,0,-0.0102116,2.85224e-05,0.999996,0.00279298,0.0102116,-0.00279312,0.999944
0.587344,-0.144812,1.40285,0.999935,0,-0.0113678,1.58757e-05,0.999999,0.00139646,0.0113678,-0.00139655,0.999934
0.587883,-4.3712e-16,1.40295,0.999931,0,-0.0117532,3.6697e-18,1,3.12207e-16,0.0117532,-3.12229e-16,0.999931
0.587344,0.144812,1.40285,0.999935,0,-0.0113678,-1.58757e-05,0.999999,-0.00139646,0.0113678,0.00139655,0.999934
0.585725,0.289625,1.40256,0.999948,0,-0.0102116,-2.85224e-05,0.999996,-0.00279298,0.0102116,0.00279312,0.999944
0.583027,0.434437,1.40208,0.999966,0,-0.00828455,-3.47101e-05,0.999991,-0.00418959,0.00828448,0.00418974,0.999957
0.57925,0.57925,1.4014,0.999984,0,-0.00558647,-3.12081e-05,0.999984,-0.00558629,0.00558638,0.00558638,0.999969
0.574393,0.724062,1.40051,0.999998,0,-0.00211734,-1.47854e-05,0.999976,-0.00698299,0.00211729,0.00698301,0.999973
0.568457,0.868874,1.3994,0.999998,0,0.0021228,1.77881e-05,0.999965,-0.0083795,-0.00212273,0.00837952,0.999963
0.561442,1.01369,1.39805,0.999975,0,0.00713372,6.97375e-05,0.999952,-0.00977551,-0.00713337,0.00977576,0.999927
0.701802,-1.00519,1.39923,0.99996,0,0.00891702,-3.30391e-05,0.999993,0.00370503,-0.00891696,-0.00370517,0.999953
0.710571,-0.861589,1.39978,0.999996,0,0.0026535,-8.42748e-06,0.999995,0.00317597,-0.00265349,-0.00317598,0.999991
0.717991,-0.717991,1.4002,0.999996,0,-0.00264667,7.00482e-06,0.999996,0.00264665,0.00264666,-0.00264666,0.999993
0.724062,-0.574393,1.40051,0.999976,0,-0.00698302,1.47851e-05,0.999998,0.00211723,0.00698301,-0.00211729,0.999973
0.728783,-0.430795,1.40074,0.999946,0,-0.0103555,1.64437e-05,0.999999,0.00158783,0.0103555,-0.00158792,0.999945
0.732156,-0.287196,1.40089,0.999919,0,-0.0127642,1.3512e-05,0.999999,0.0010585,0.0127642,-0.00105858,0.999918
0.734179,-0.143598,1.40097,0.999899,0,-0.0142093,7.52072e-06,1,0.000529228,0.0142093,-0.000529282,0.999899
0.734853,-2.41621e-16,1.401,0.999892,0,-0.014691,2.53546e-18,1,1.72568e-16,0.014691,-1.72586e-16,0.999892
0.734179,0.143598,1.40097,0.999899,0,-0.0142093,-7.52072e-06,1,-0.000529228,0.0142093,0.000529282,0.999899
0.732156,0.287196,1.40089,0.999919,0,-0.0127642,-1.3512e-05,0.999999,-0.0010585,0.0127642,0.00105858,0.999918
0.728783,0.430795,1.40074,0.999946,0,-0.0103555,-1.64437e-05,0.999999,-0.00158783,0.0103555,0.00158792,0.999945
0.724062,0.574393,1.40051,0.999976,0,-0.00698302,-1.47851e-05,0.999998,-0.00211723,0.00698301,0.00211729,0.999973
0.717991,0.717991,1.4002,0.999996,0,-0.00264667,-7.00482e-06,0.999996,-0.00264665,0.00264666,0.00264666,0.999993
0.710571,0.861589,1.39978,0.999996,0,0.0026535,8.42748e-06,0.999995,-0.00317597,-0.00265349,0.00317598,0.999991
0.701802,1.00519,1.39923,0.99996,0,0.00891702,3.30391e-05,0.999993,-0.00370503,-0.00891696,0.00370517,0.999953
0.842163,-0.994799,1.40061,0.999943,0,0.0107002,3.97479e-05,0.999993,-0.00371447,-0.0107002,0.00371468,0.999936
0.852685,-0.852685,1.40019,0.999995,0,0.0031842,1.01391e-05,0.999995,-0.00318417,-0.00318418,0.00318418,0.99999
0.861589,-0.710571,1.39978,0.999995,0,-0.003176,-8.42747e-06,0.999996,-0.00265348,0.00317598,0.00265349,0.999991
0.868874,-0.568457,1.3994,0.999965,0,-0.00837954,-1.77875e-05,0.999998,-0.00212266,0.00837952,0.00212273,0.999963
0.87454,-0.426343,1.39908,0.999923,0,-0.0124263,-1.97824e-05,0.999999,-0.00159186,0.0124263,0.00159198,0.999922
0.878586,-0.284228,1.39883,0.999883,0,-0.0153165,-1.62551e-05,0.999999,-0.00106116,0.0153165,0.00106128,0.999882
0.881013,-0.142114,1.39868,0.999855,0,-0.0170504,-9.04737e-06,1,-0.000530548,0.0170504,0.000530625,0.999854
0.881823,1.57835e-16,1.39863,0.999845,0,-0.0176283,-1.98741e-18,1,-1.12722e-16,0.0176283,1.1274e-16,0.999845
0.881013,0.142114,1.39868,0.999855,0,-0.0170504,9.04737e-06,1,0.000530548,0.0170504,-0.000530625,0.999854
0.878586,0.284228,1.39883,0.999883,0,-0.0153165,1.62551e-05,0.999999,0.00106116,0.0153165,-0.00106128,0.999882
0.87454,0.426343,1.39908,0.999923,0,-0.0124263,1.97824e-05,0.999999,0.00159186,0.0124263,-0.00159198,0.999922
0.868874,0.568457,1.3994,0.999965,0,-0.00837954,1.77875e-05,0.999998,0.00212266,0.00837952,-0.00212273,0.999963
0.861589,0.710571,1.39978,0.999995,0,-0.003176,8.42747e-06,0.999996,0.00265348,0.00317598,-0.00265349,0.999991
0.852685,0.852685,1.40019,0.999995,0,0.0031842,-1.01391e-05,0.999995,0.00318417,-0.00318418,-0.00318418,0.99999
0.842163,0.994799,1.40061,0.999943,0,0.0107002,-3.97479e-05,0.999993,0.00371447,-0.0107002,-0.00371468,0.999936
0.982525,-0.982525,1.40214,0.999922,0,0.0124833,0.000155822,0.999922,-0.0124814,-0.0124824,0.0124824,0.999844
0.994799,-0.842163,1.40061,0.999993,0,0.00371489,3.97499e-05,0.999943,-0.0107001,-0.00371468,0.0107002,0.999936
1.00519,-0.701802,1.39923,0.999993,0,-0.00370532,-3.30402e-05,0.99996,-0.00891689,0.00370517,0.00891696,0.999953
1.01369,-0.561442,1.39805,0.999952,0,-0.00977601,-6.97359e-05,0.999975,-0.00713303,0.00977576,0.00713337,0.999927
1.0203,-0.421082,1.39709,0.999895,0,-0.0144969,-7.75555e-05,0.999986,-0.00534922,0.0144967,0.00534978,0.999881
1.02502,-0.280721,1.39639,0.99984,0,-0.0178685,-6.37253e-05,0.999994,-0.00356579,0.0178683,0.00356636,0.999834
1.02785,-0.140361,1.39596,0.999802,0,-0.0198911,-3.54681e-05,0.999998,-0.00178277,0.019891,0.00178312,0.999801
1.02879,8.05522e-16,1.39582,0.999789,0,-0.0205652,-1.18327e-17,1,-5.75251e-16,0.0205652,5.75373e-16,0.999789
1.02785,0.140361,1.39596,0.999802,0,-0.0198911,3.54681e-05,0.999998,0.00178277,0.019891,-0.00178312,0.999801
1.02502,0.280721,1.39639,0.99984,0,-0.0178685,6.37253e-05,0.999994,0.00356579,0.0178683,-0.00356636,0.999834
1.0203,0.421082,1.39709,0.999895,0,-0.0144969,7.75555e-05,0.999986,0.00534922,0.0144967,-0.00534978,0.999881
1.01369,0.561442,1.39805,0.999952,0,-0.00977601,6.97359e-05,0.999975,0.00713303,0.00977576,-0.00713337,0.999927
1.00519,0.701802,1.39923,0.999993,0,-0.00370532,3.30402e-05,0.99996,0.00891689,0.00370517,-0.00891696,0.999953
0.994799,0.842163,1.40061,0.999993,0,0.00371489,-3.97499e-05,0.999943,0.0107001,-0.00371468,-0.0107002,0.999936
0.982525,0.982525,1.40214,0.999922,0,0.0124833,-0.000155822,0.999922,0.0124814,-0.0124824,-0.0124824,0.999844
