x,y,z,tau1_x,tau1_y,tau1_z,tau2_x,tau2_y,tau2_z,normal_x,normal_y,normal_z
-1.49961,-1.49452,0.072028,0.999986,0,-0.00536269,-0.000407308,0.997111,-0.0759511,0.0053472,0.0759522,0.997097
-1.44513,-1.5029,0.0719566,0.996118,0,0.0880246,-0.00353962,0.999191,0.0400557,-0.0879534,-0.0402118,0.995313
-1.37888,-1.49787,0.072917,0.999831,0,0.0184037,0.00054329,0.999564,-0.0295157,-0.0183957,0.0295207,0.999395
-1.31301,-1.4976,0.0704049,0.998941,0,-0.0460162,-0.00153102,0.999446,-0.033236,0.0459907,0.0332713,0.998388
-1.25868,-1.50289,0.0702373,0.998771,0,0.049556,-0.00198268,0.999199,0.0399597,-0.0495164,-0.0400089,0.997972
-1.20832,-1.5126,0.0742176,0.979142,0,0.203179,-0.0354687,0.984645,0.170927,-0.20006,-0.174569,0.964107
-1.15267,-1.52518,0.0863699,0.955225,0,0.295881,-0.103201,0.9372,0.333174,-0.2773,-0.348791,0.895237
-1.08601,-1.53688,0.113657,0.972032,0,0.234849,-0.119941,0.859749,0.496432,-0.201911,-0.510716,0.835704
-1.0152,-1.51077,0.152426,0.997549,0,0.0699697,-0.0104413,0.988803,0.14886,-0.0691863,-0.149226,0.98638
-0.955757,-1.4499,0.106949,0.991465,0,0.130373,0.0904703,0.720036,-0.688014,-0.093873,0.693936,0.713891
-0.910044,-1.47226,0.0638997,0.942445,0,0.334361,0.128468,0.923241,-0.362106,-0.308696,0.38422,0.870104
-0.840343,-1.51221,0.0696579,0.980983,0,0.194094,-0.0328303,0.985591,0.16593,-0.191297,-0.169147,0.966848
-0.734184,-1.49654,0.0678312,0.902097,0,-0.431534,-0.020688,0.99885,-0.0432471,0.431038,0.0479406,0.901059
-0.653759,-1.4998,0.0522291,0.717107,0,-0.696963,-0.00190257,0.999996,-0.00195756,0.69696,0.0027298,0.717105
-0.593568,-1.50123,0.0541177,0.730655,0,-0.682747,0.011652,0.999854,0.0124697,0.682647,-0.0170664,0.730549
-0.543374,-1.49949,0.0632885,0.848066,0,-0.52989,-0.00370655,0.999976,-0.00593217,0.529877,0.00699494,0.848046
-0.501939,-1.49789,0.070469,0.966703,0,-0.255901,-0.00748328,0.999572,-0.0282692,0.255792,0.0292429,0.96629
-0.460743,-1.49875,0.0712391,0.999767,0,0.0216035,0.000375045,0.999849,-0.0173564,-0.0216002,0.0173604,0.999616
-0.406558,-1.50218,0.0709418,0.992877,0,0.119147,-0.00359931,0.999544,0.0299938,-0.119093,-0.0302089,0.992423
-0.334532,-1.50274,0.0743186,0.999534,0,-0.0305262,0.00115771,0.999281,0.0379075,0.0305042,-0.0379251,0.998815
-0.263654,-1.49459,0.0719456,0.986348,0,-0.164674,-0.0123425,0.997187,-0.0739283,0.16421,0.0749516,0.983574
-0.203454,-1.49681,0.0675921,0.988661,0,-0.150162,-0.00663128,0.999024,-0.0436601,0.150016,0.0441608,0.987697
-0.14645,-1.50775,0.0698012,0.995749,0,-0.0921032,0.00989171,0.994216,0.106942,0.0915705,-0.107398,0.98999
-0.0814194,-1.51415,0.0782184,0.989117,0,-0.14713,0.028824,0.980622,0.193776,0.144279,-0.195908,0.96995
0.00123096,-1.51407,0.0848567,0.893209,0,-0.449642,0.0876117,0.980834,0.17404,0.441024,-0.194848,0.876089
0.0813145,-1.50544,0.0836212,0.709982,0,-0.70422,0.0530484,0.997159,0.0534825,0.702219,-0.0753294,0.707965
0.134358,-1.49074,0.08895,0.804605,0,-0.59381,-0.0761292,0.991748,-0.103154,0.58891,0.128205,0.797965
0.116521,-1.48839,0.079657,0.858545,0,0.512738,0.0824132,0.986998,-0.137995,-0.506071,0.160732,0.847383
0.149808,-1.50518,0.0485149,0.445447,0,0.895308,-0.0641737,0.997428,0.0319287,-0.893005,-0.0716778,0.444301
0.208189,-1.50473,0.0557083,0.356236,0,0.934396,-0.061258,0.997849,0.0233545,-0.932386,-0.0655589,0.35547
0.272267,-1.48902,0.0576199,0.428861,0,0.903371,0.137383,0.988368,-0.0652204,-0.892863,0.152078,0.423873
0.346696,-1.48729,0.0509301,0.692671,0,0.721254,0.126972,0.984382,-0.12194,-0.709989,0.176044,0.681853
0.413239,-1.50409,0.0537352,0.770575,0,0.63735,-0.0361069,0.998394,0.0436543,-0.636326,-0.0566516,0.769337
0.482954,-1.50679,0.066452,0.853531,0,0.521042,-0.048968,0.995574,0.0802155,-0.518736,-0.0939808,0.849753
0.556823,-1.49355,0.0741634,0.938607,0,0.344989,0.0308342,0.995998,-0.0838902,-0.343608,0.0893773,0.93485
0.631749,-1.48543,0.0657217,0.987586,0,0.15708,0.0316952,0.979431,-0.199272,-0.15385,0.201777,0.967273
0.701967,-1.49759,0.0591331,0.999571,0,0.0293055,0.000979623,0.999441,-0.0334136,-0.0292891,0.033428,0.999012
0.763973,-1.52817,0.0641182,0.999799,0,0.0200561,-0.00782403,0.920769,0.390029,-0.018467,-0.390108,0.920584
0.81832,-1.541,0.0932388,0.990413,0,0.138141,-0.0784409,0.823145,0.562387,-0.11371,-0.567831,0.815253
0.868793,-1.53079,0.135706,0.956924,0,0.290338,-0.1238,0.904535,0.408033,-0.26262,-0.4264,0.865571
0.921657,-1.49079,0.151493,0.924359,0,0.381525,0.0486568,0.991834,-0.117886,-0.37841,0.127532,0.916811
0.985233,-1.46743,0.121482,0.92186,0,0.387522,0.174832,0.892446,-0.415901,-0.345842,0.451154,0.822711
1.04952,-1.46769,0.0875749,0.940683,0,0.339287,0.151837,0.894275,-0.420972,-0.303416,0.447517,0.84123
1.11357,-1.49376,0.0749807,0.964153,0,0.265348,0.0229188,0.996263,-0.0832764,-0.264356,0.0863726,0.96055
1.18047,-1.5349,0.0835207,0.977242,0,0.212126,-0.102524,0.875445,0.472318,-0.185704,-0.483318,0.855522
1.23278,-1.53792,0.119766,0.931647,0,0.363364,-0.190848,0.850963,0.489325,-0.309209,-0.525226,0.792797
1.26311,-1.50691,0.138407,0.672062,0,0.740495,-0.0708932,0.995407,0.0643416,-0.737094,-0.0957376,0.668975
1.31447,-1.48668,0.112876,0.457922,0,0.888992,0.164008,0.982835,-0.0844811,-0.873733,0.184488,0.450062
1.39054,-1.47111,0.0917335,0.684488,0,0.729024,0.291734,0.916441,-0.273912,-0.668107,0.40017,0.627293
1.48909,-1.4685,0.0739798,0.98581,0,0.167866,0.0732442,0.899789,-0.430134,-0.151044,0.436326,0.887021
-1.50009,-1.43572,0.0720817,0.999999,0,0.001226,5.19242e-05,0.999103,-0.0423525,-0.0012249,0.0423525,0.999102
-1.43624,-1.44151,0.0730508,0.999384,0,-0.0350989,0.00132866,0.999283,0.0378315,0.0350738,-0.0378548,0.998668
-1.37631,-1.43482,0.0726069,0.999851,0,-0.0172708,-0.000946431,0.998497,-0.0547914,0.0172448,0.0547996,0.998348
-1.31763,-1.43805,0.0699678,0.999838,0,0.0180011,0.000181291,0.999949,-0.0100695,-0.0180002,0.0100711,0.999787
-1.25589,-1.44464,0.0718969,0.99994,0,0.0109759,-0.000890969,0.9967,0.0811701,-0.0109397,-0.081175,0.99664
-1.18957,-1.45145,0.0788199,0.998161,0,-0.0606263,0.0106398,0.98448,0.175176,0.0596854,-0.175498,0.982669
-1.11792,-1.45792,0.0899624,0.97736,0,-0.211582,0.0561008,0.964207,0.259146,0.204009,-0.265149,0.942378
-1.04209,-1.46122,0.104283,0.90404,0,-0.427448,0.132882,0.950451,0.281042,0.406269,-0.310874,0.859246
-0.969498,-1.44261,0.117279,0.825389,0,-0.564565,0.0299444,0.998592,0.0437784,0.56377,-0.0530398,0.824227
-0.921912,-1.40448,0.0986428,0.90473,0,-0.425984,-0.202309,0.880029,-0.429675,0.374879,0.47492,0.796189
-0.879912,-1.41338,0.0725261,0.993244,0,-0.116047,-0.0408175,0.936101,-0.349355,0.108632,0.351731,0.929776
-0.812582,-1.44099,0.0680388,0.981143,0,-0.193281,0.00593979,0.999528,0.0301519,0.19319,-0.0307314,0.98068
-0.784693,-1.44341,0.0704709,0.963121,0,0.269067,-0.0172766,0.997936,0.0618413,-0.268512,-0.0642093,0.961134
-0.746741,-1.43911,0.0616362,0.806789,0,0.590839,-0.00275519,0.999989,0.00376221,-0.590833,-0.00466319,0.806781
-0.682448,-1.43701,0.0628238,0.836159,0,0.548487,0.013383,0.999702,-0.0204021,-0.548323,0.0243998,0.83591
-0.607146,-1.43698,0.0681193,0.935447,0,0.353467,0.00878361,0.999691,-0.0232457,-0.353358,0.0248499,0.935158
-0.530357,-1.43791,0.0709127,0.99046,0,0.137799,0.0016437,0.999929,-0.0118144,-0.13779,0.0119282,0.99039
-0.458001,-1.43913,0.0713648,0.999866,0,-0.0163771,8.00906e-05,0.999988,0.00488973,0.0163769,-0.00489039,0.999854
-0.393254,-1.44052,0.07208,0.997873,0,-0.0651843,0.00157575,0.999708,0.0241224,0.0651653,-0.0241738,0.997582
-0.336642,-1.43952,0.0737693,0.999999,0,-0.00128031,1.31499e-05,0.999947,0.0102709,0.00128024,-0.0102709,0.999946
-0.28112,-1.43397,0.0715107,0.996963,0,0.0778703,0.00518079,0.997784,-0.066329,-0.0776978,0.0665311,0.994755
-0.221178,-1.43643,0.0677725,0.995429,0,0.0955072,0.00309956,0.999473,-0.0323053,-0.0954569,0.0324537,0.994904
-0.156139,-1.44499,0.069607,0.999084,0,0.0427905,-0.00368048,0.996294,0.0859328,-0.042632,-0.0860116,0.995382
-0.0920164,-1.44885,0.0765687,0.999997,0,0.00251263,-0.000350742,0.990209,0.139591,-0.00248803,-0.139592,0.990206
-0.0384685,-1.44778,0.0847285,0.993969,0,0.109663,-0.0136716,0.992198,0.123917,-0.108808,-0.124669,0.986214
0.00532039,-1.44907,0.0884805,0.935283,0,0.353902,-0.0504412,0.989791,0.133305,-0.350289,-0.142529,0.925734
0.0572777,-1.45534,0.0954144,0.870733,0,0.491756,-0.112829,0.973323,0.199782,-0.478637,-0.229441,0.847504
0.12159,-1.46421,0.115258,0.88493,0,0.465724,-0.164074,0.935887,0.31176,-0.435865,-0.352299,0.828195
0.19058,-1.47235,0.145799,0.92869,0,0.370858,-0.172453,0.885304,0.431852,-0.328322,-0.465012,0.822173
0.25537,-1.45036,0.181031,0.959236,0,0.282608,-0.0453459,0.987043,0.153914,-0.278946,-0.160455,0.946807
0.325617,-1.39073,0.145155,0.978493,0,0.206278,0.13727,0.746433,-0.651149,-0.153973,0.665461,0.730379
0.388149,-1.40598,0.0993415,0.988303,0,0.152506,0.0692737,0.890882,-0.448922,-0.135865,0.454236,0.880461
0.453916,-1.43045,0.0945119,0.997299,0,0.0734421,0.00846781,0.993331,-0.114988,-0.0729523,0.115299,0.990648
0.528791,-1.43047,0.0874525,0.993146,0,-0.116878,-0.0134432,0.993363,-0.11423,0.116103,0.115018,0.986555
0.596624,-1.42584,0.0766793,0.977478,0,-0.211036,-0.0378046,0.983824,-0.175104,0.207622,0.179138,0.961666
0.650319,-1.42643,0.0660844,0.994484,0,-0.10489,-0.0179363,0.985271,-0.170057,0.103345,0.171,0.979836
0.700696,-1.43922,0.0614441,0.9989,0,0.0468917,-0.00028908,0.999981,0.00615807,-0.0468908,-0.00616485,0.998881
0.763273,-1.46272,0.0676181,0.999554,0,0.0298525,-0.00989808,0.943432,0.331418,-0.0281638,-0.331566,0.943011
0.842514,-1.4722,0.0906115,0.968317,0,-0.249723,0.115586,0.886434,0.448191,0.221363,-0.462856,0.858349
0.923794,-1.46034,0.11695,0.852333,0,-0.523,0.156177,0.954373,0.254522,0.499137,-0.298618,0.813443
0.993346,-1.43164,0.12302,0.786576,0,-0.617494,-0.0609981,0.995109,-0.0777006,0.614474,0.0987834,0.782728
1.04798,-1.41465,0.104392,0.831794,0,-0.555084,-0.185495,0.942511,-0.277964,0.523173,0.334174,0.783975
1.09604,-1.41509,0.0851488,0.932648,0,-0.360787,-0.118343,0.944673,-0.305922,0.340826,0.328014,0.881048
1.13913,-1.44134,0.0812893,0.995963,0,-0.0897642,0.00318629,0.99937,0.0353529,0.0897077,-0.0354962,0.995335
1.18836,-1.47809,0.0915434,0.995845,0,0.0910657,-0.0495868,0.83875,0.542254,-0.0763813,-0.544517,0.835265
1.2435,-1.48784,0.133806,0.975704,0,0.219095,-0.148877,0.733667,0.662999,-0.160743,-0.679509,0.715842
1.2902,-1.4829,0.190786,0.889449,0,0.457035,-0.279275,0.791585,0.543505,-0.361783,-0.611059,0.704074
1.33167,-1.42352,0.218948,0.759822,0,0.650131,0.137356,0.977427,-0.160531,-0.635455,0.211275,0.74267
1.42056,-1.37869,0.129362,0.89059,0,0.454808,0.378461,0.554573,-0.741091,-0.252224,0.832135,0.493897
1.49209,-1.41839,0.0869128,0.993456,0,0.114218,0.0322472,0.959317,-0.280483,-0.109571,0.282331,0.953039
-1.50006,-1.37109,0.071956,1,0,0.000863706,7.72972e-05,0.995987,-0.0894947,-0.000860241,0.0894947,0.995987
-1.43832,-1.37927,0.071085,0.99998,0,-0.00626147,0.000149368,0.999715,0.0238546,0.00625969,-0.0238551,0.999696
-1.37753,-1.37708,0.071921,1,0,-0.000242641,-1.59552e-06,0.999978,-0.00657565,0.000242636,0.00657565,0.999978
-1.31772,-1.37753,0.0714291,0.999815,0,0.0192321,5.27428e-06,1,-0.000274194,-0.0192321,0.000274244,0.999815
-1.25451,-1.37921,0.072103,0.999966,0,-0.00822797,0.000188565,0.999737,0.0229167,0.00822581,-0.0229175,0.999704
-1.18756,-1.38103,0.0739344,0.996158,0,-0.0875758,0.00421366,0.998842,0.0479296,0.0874743,-0.0481145,0.995004
-1.11715,-1.3829,0.0762037,0.976539,0,-0.215341,0.0159425,0.997256,0.0722968,0.21475,-0.0740337,0.973859
-1.04445,-1.38417,0.0780463,0.926931,0,-0.375231,0.0343764,0.995795,0.0849198,0.373653,-0.0916139,0.923033
-0.976513,-1.37967,0.079869,0.884352,0,-0.466821,0.0137277,0.999568,0.026006,0.466619,-0.0294069,0.88397
-0.927336,-1.36803,0.0814115,0.95318,0,-0.302402,-0.0398896,0.991262,-0.125733,0.29976,0.131909,0.944851
-0.887227,-1.35489,0.0671839,0.99997,0,-0.0077041,-0.00241837,0.949454,-0.313897,0.00731469,0.313907,0.949426
-0.821222,-1.38469,0.0579555,0.997266,0,-0.0738915,0.00730701,0.995099,0.098618,0.0735293,-0.0988883,0.992378
-0.77536,-1.42083,0.0763195,0.984752,0,0.173962,-0.104272,0.800452,0.590257,-0.139248,-0.599397,0.788247
-0.732151,-1.38692,0.114923,0.919936,0,0.392069,-0.050867,0.991548,0.119352,-0.388755,-0.12974,0.912161
-0.666677,-1.35983,0.109017,0.940316,0,0.340303,0.0835096,0.969422,-0.230752,-0.329897,0.245398,0.911563
-0.594264,-1.35667,0.0918747,0.98316,0,0.182748,0.0528577,0.957257,-0.284368,-0.174936,0.289239,0.941137
-0.523512,-1.36187,0.0779548,0.99903,0,0.0440398,0.0095643,0.976133,-0.216963,-0.0429887,0.217174,0.975186
-0.456016,-1.3698,0.0689799,0.999026,0,-0.0441245,-0.0047374,0.99422,-0.10726,0.0438694,0.107364,0.993251
-0.392725,-1.38018,0.0668843,0.997365,0,-0.0725425,0.00263828,0.999338,0.0362729,0.0724946,-0.0363687,0.996706
-0.333928,-1.38576,0.072352,0.999234,0,-0.0391234,0.00444836,0.993515,0.113614,0.0388697,-0.113701,0.992754
-0.277952,-1.37777,0.0767443,0.999428,0,0.0338176,-0.000103028,0.999995,0.00304483,-0.0338174,-0.00304658,0.999423
-0.219679,-1.37361,0.0744299,0.997198,0,0.0748057,0.00408193,0.99851,-0.0544142,-0.0746943,0.0545671,0.995712
-0.152682,-1.37644,0.0720111,0.999986,0,-0.00525777,-8.09321e-05,0.999882,-0.0153926,0.00525715,0.0153929,0.999868
-0.0837898,-1.3875,0.0740952,0.993649,0,-0.112523,0.0155069,0.990459,0.136936,0.111449,-0.137811,0.984168
-0.0272705,-1.40436,0.0862547,0.998757,0,-0.0498464,0.01851,0.928496,0.37088,0.0462822,-0.371341,0.927342
0.0177599,-1.40684,0.111904,0.980853,0,0.194752,-0.0790139,0.913999,0.397948,-0.178003,-0.405716,0.896498
0.0736951,-1.3896,0.136566,0.966986,0,0.25483,-0.042513,0.985986,0.161321,-0.251259,-0.166829,0.953434
0.156826,-1.38069,0.144579,0.998637,0,-0.052189,0.00227023,0.999053,0.0434409,0.0521396,-0.0435002,0.997692
0.244613,-1.39289,0.144043,0.902903,0,-0.429844,0.0913417,0.977161,0.191867,0.420027,-0.2125,0.882282
0.317785,-1.38115,0.151287,0.810144,0,-0.586231,0.0292507,0.998754,0.0404231,0.585501,-0.0498962,0.809135
0.368383,-1.33962,0.12761,0.857096,0,-0.515157,-0.270667,0.850851,-0.450325,0.438322,0.525407,0.729261
0.41349,-1.35125,0.0961282,0.972961,0,-0.230969,-0.0841383,0.931288,-0.354434,0.215099,0.364284,0.906107
0.468757,-1.36482,0.0887341,0.990886,0,-0.1347,-0.0237537,0.984328,-0.174738,0.132589,0.176345,0.975358
0.525357,-1.36403,0.0772864,0.997563,0,-0.0697733,-0.0130653,0.982312,-0.186797,0.0685391,0.187254,0.979918
0.5819,-1.36858,0.0681211,0.999993,0,-0.00373031,-0.000463723,0.992243,-0.124311,0.00370138,0.124312,0.992236
0.638691,-1.37537,0.0637548,0.998332,0,0.0577337,0.00174681,0.999542,-0.0302059,-0.0577072,0.0302563,0.997875
0.69924,-1.38234,0.0646871,0.997739,0,0.0672026,-0.00445567,0.9978,0.0661522,-0.0670547,-0.0663021,0.995544
0.767389,-1.38926,0.0711138,0.999572,0,-0.0292407,0.00474332,0.986755,0.162147,0.0288534,-0.162216,0.986333
0.843195,-1.39037,0.0803267,0.972109,0,-0.234528,0.0416288,0.984121,0.17255,0.230804,-0.1775,0.956673
0.917543,-1.38287,0.0856127,0.910424,0,-0.413677,0.0304781,0.997282,0.0670766,0.412552,-0.0736762,0.90795
0.9828,-1.36929,0.0820041,0.881864,0,-0.471504,-0.0539571,0.993431,-0.100917,0.468406,0.114436,0.876071
1.03858,-1.36399,0.0722912,0.916475,0,-0.400091,-0.0751434,0.982204,-0.172129,0.392971,0.187816,0.900166
1.08909,-1.37214,0.0672667,0.969432,0,-0.245362,-0.0183992,0.997184,-0.0726957,0.244671,0.074988,0.966702
1.13888,-1.39582,0.0716405,0.99602,0,-0.0891266,0.0225529,0.967455,0.252036,0.086226,-0.253043,0.963605
1.19634,-1.41996,0.091163,0.999112,0,-0.0421429,0.0247557,0.809279,0.586903,0.0341053,-0.587425,0.80856
1.25989,-1.42863,0.137692,0.995585,0,-0.0938612,0.0663995,0.706791,0.7043,0.0663402,-0.707423,0.70367
1.32372,-1.42963,0.200944,0.989017,0,-0.147804,0.106608,0.692647,0.713354,0.102376,-0.721276,0.68504
1.38443,-1.36486,0.258604,0.995304,0,-0.096797,-0.0170167,0.984426,-0.174972,0.0952895,0.175797,0.979804
1.43374,-1.31411,0.146983,0.989265,0,0.14613,0.128402,0.477396,-0.869256,-0.0697617,0.878688,0.472271
1.4888,-1.3499,0.0920258,0.9858,0,0.167925,0.064316,0.923747,-0.377565,-0.155121,0.383003,0.910629
-1.49992,-1.31627,0.0722227,0.999999,0,-0.00110941,-9.3904e-07,1,-0.000846434,0.00110941,0.000846434,0.999999
-1.44179,-1.31702,0.0726194,0.99913,0,0.0416982,-0.000398166,0.999954,0.00954045,-0.0416963,-0.00954875,0.999085
-1.37885,-1.31559,0.0726738,0.999837,0,0.0180535,0.000185336,0.999947,-0.0102643,-0.0180525,0.0102659,0.999784
-1.31641,-1.31564,0.0719693,0.999999,0,0.00116814,1.11805e-05,0.999954,-0.00957122,-0.00116809,0.00957123,0.999954
-1.25453,-1.31592,0.0715254,0.999968,0,-0.0079868,-4.48318e-05,0.999984,-0.00561305,0.00798668,0.00561323,0.999952
-1.1926,-1.31591,0.0711885,0.999843,0,-0.0177321,-0.000102448,0.999983,-0.00577666,0.0177318,0.00577757,0.999826
-1.12999,-1.3156,0.0706844,0.999321,0,-0.0368364,-0.000370557,0.999949,-0.0100527,0.0368345,0.0100595,0.999271
-1.06615,-1.31539,0.0697223,0.997321,0,-0.0731429,-0.000950267,0.999916,-0.0129571,0.0731367,0.0129919,0.997237
-1.00391,-1.32025,0.0703461,0.996176,0,-0.0873673,0.0047506,0.998521,0.0541671,0.0872381,-0.054375,0.994702
-0.950978,-1.32767,0.0771374,0.999607,0,0.0280247,-0.00440232,0.987585,0.157025,-0.0276768,-0.157087,0.987197
-0.901588,-1.29922,0.0749463,0.980362,0,0.197205,0.04673,0.971519,-0.232309,-0.191588,0.236962,0.952441
-0.83782,-1.31431,0.0614188,0.987692,0,0.156414,0.00437445,0.999609,-0.0276229,-0.156353,0.0279672,0.987305
-0.755043,-1.35783,0.0761734,0.984799,0,-0.173699,0.0998399,0.818303,0.56605,0.142138,-0.574788,0.805864
-0.675956,-1.32363,0.111473,0.920161,0,-0.391541,0.0395986,0.994873,0.0930607,0.389533,-0.101135,0.915443
-0.616771,-1.29807,0.102894,0.927662,0,-0.373421,-0.0944018,0.967518,-0.234515,0.361291,0.252803,0.89753
-0.564737,-1.29687,0.0864287,0.970028,0,-0.242993,-0.065467,0.963023,-0.261345,0.234008,0.26942,0.934159
-0.514208,-1.30296,0.0750305,0.996175,0,-0.0873781,-0.0161796,0.982707,-0.184459,0.0858671,0.185167,0.978948
-0.461228,-1.31005,0.0677709,0.999596,0,0.0284187,0.00247163,0.996211,-0.0869368,-0.028311,0.0869719,0.995808
-0.40134,-1.31755,0.0658185,0.998903,0,0.0468259,-0.000796195,0.999855,0.0169847,-0.0468191,-0.0170033,0.998759
-0.333108,-1.32262,0.0692145,0.998728,0,-0.0504161,0.00439355,0.996196,0.0870349,0.0502243,-0.0871458,0.994929
-0.26945,-1.32091,0.07426,0.996457,0,-0.0840987,0.00534372,0.997979,0.063316,0.0839288,-0.0635411,0.994444
-0.212401,-1.3135,0.0757298,0.999659,0,-0.0261175,-0.00102292,0.999233,-0.0391529,0.0260974,0.0391662,0.998892
-0.14971,-1.30688,0.0688521,0.998904,0,-0.0468146,-0.00612168,0.991413,-0.130621,0.0464126,0.130764,0.990326
-0.080583,-1.31854,0.064161,0.987767,0,-0.155936,0.00477953,0.99953,0.0302757,0.155863,-0.0306506,0.987303
-0.0130834,-1.34467,0.070622,0.964535,0,-0.263955,0.103604,0.919749,0.378587,0.242772,-0.392507,0.88713
0.0520107,-1.34842,0.10021,0.943688,0,-0.330837,0.147038,0.895807,0.419415,0.296366,-0.444443,0.845363
0.120507,-1.31983,0.125367,0.917584,0,-0.397541,0.0192748,0.998824,0.044489,0.397074,-0.0484849,0.916505
0.187618,-1.3017,0.112558,0.872429,0,-0.488741,-0.0989879,0.979275,-0.176699,0.478612,0.202536,0.854347
0.256935,-1.3142,0.0989199,0.806709,0,-0.590949,-0.0174018,0.999566,-0.0237554,0.590693,0.0294473,0.806359
0.322571,-1.31663,0.0965564,0.758402,0,-0.651788,0.00277605,0.999991,0.00323013,0.651782,-0.00425913,0.758395
0.376418,-1.29723,0.0904879,0.82172,0,-0.569892,-0.150707,0.9644,-0.217302,0.549604,0.264448,0.792467
0.418338,-1.30565,0.0817975,0.958413,0,-0.285385,-0.0422097,0.989002,-0.141753,0.282246,0.147904,0.947872
0.464531,-1.31758,0.0836935,0.997253,0,-0.074064,0.00128383,0.99985,0.0172864,0.0740528,-0.017334,0.997104
0.503364,-1.31671,0.0829008,0.971738,0,0.236062,-0.00125064,0.999986,0.00514821,-0.236059,-0.00529794,0.971724
0.552991,-1.31159,0.0771194,0.917587,0,0.397535,0.0260618,0.997849,-0.0601557,-0.39668,0.0655586,0.915613
0.619486,-1.30825,0.0725784,0.945463,0,0.325728,0.0364394,0.993723,-0.105769,-0.323683,0.11187,0.939529
0.695819,-1.31046,0.0696414,0.993387,0,0.114815,0.0093302,0.996693,-0.0807254,-0.114435,0.0812628,0.990101
0.770234,-1.31904,0.0683945,0.997665,0,-0.0682983,0.00257067,0.999291,0.0375509,0.0682499,-0.0376388,0.996958
0.832835,-1.32453,0.0731584,0.996131,0,-0.0878775,0.0099825,0.993527,0.113156,0.0873087,-0.113596,0.989683
0.888149,-1.32139,0.0800107,0.999985,0,-0.005467,0.000383534,0.997536,0.0701534,0.00545353,-0.0701544,0.997521
0.942698,-1.31057,0.0796335,0.996185,0,0.0872708,0.00696272,0.996812,-0.0794786,-0.0869926,0.079783,0.993009
1.00097,-1.30682,0.0715324,0.99164,0,0.129038,0.0169886,0.991295,-0.130555,-0.127914,0.131656,0.983008
1.06351,-1.3144,0.066555,0.993966,0,0.109686,0.00293189,0.999643,-0.0265685,-0.109647,0.0267297,0.993611
1.13119,-1.33322,0.0707231,0.999783,0,0.0208332,-0.00487518,0.972234,0.23396,-0.0202547,-0.23401,0.972023
1.20275,-1.35339,0.0880586,0.989695,0,-0.143193,0.0734947,0.858235,0.507968,0.122893,-0.513257,0.849391
1.27523,-1.36059,0.124805,0.935686,0,-0.352834,0.216324,0.790002,0.573674,0.278739,-0.613105,0.739194
1.3482,-1.35918,0.173584,0.836125,0,-0.54854,0.325567,0.804822,0.496254,0.441477,-0.593516,0.672931
1.42148,-1.31703,0.216594,0.793586,0,-0.608458,0.00588955,0.999953,0.0076815,0.608429,-0.00967947,0.793549
1.44627,-1.25926,0.156174,0.985539,0,-0.169451,-0.133925,0.61266,-0.778917,0.103816,0.790346,0.6038
1.49181,-1.27037,0.0923469,0.989132,0,0.147029,0.0935893,0.771246,-0.62962,-0.113395,0.636537,0.762864
-1.5,-1.26065,0.0719581,1,0,-5.52622e-05,4.24814e-06,0.997041,0.0768724,5.50987e-05,-0.0768724,0.997041
-1.43828,-1.25509,0.074245,0.999977,0,-0.00682696,-1.23242e-06,1,-0.000180518,0.00682696,0.000180522,0.999977
-1.37704,-1.25332,0.0732237,0.999975,0,-0.00705454,-0.000174599,0.999694,-0.0247492,0.00705237,0.0247498,0.999669
-1.31644,-1.25413,0.0719568,0.999999,0,0.00161522,2.16486e-05,0.99991,-0.0134029,-0.00161508,0.0134029,0.999909
-1.25595,-1.25497,0.0715384,0.999931,0,0.0117083,2.09664e-05,0.999998,-0.0017906,-0.0117083,0.00179072,0.99993
-1.19568,-1.25517,0.0715404,0.999688,0,0.0249707,-2.36803e-05,1,0.000948028,-0.0249707,-0.000948324,0.999688
-1.13582,-1.25473,0.071408,0.999036,0,0.0438986,0.000227423,0.999987,-0.00517564,-0.043898,0.00518064,0.999023
-1.07653,-1.25422,0.0706151,0.9975,0,0.0706734,0.000868189,0.999925,-0.0122538,-0.0706681,0.0122845,0.997424
-1.01684,-1.26082,0.071671,0.99574,0,0.0922032,-0.00729919,0.996862,0.0788269,-0.0919138,-0.0791642,0.992615
-0.954232,-1.27192,0.0805553,0.997199,0,0.0747969,-0.0174232,0.972491,0.232287,-0.0727393,-0.23294,0.969767
-0.894297,-1.24463,0.0879128,0.995798,0,0.0915784,0.0132778,0.989433,-0.144379,-0.0906107,0.144988,0.985276
-0.836735,-1.24046,0.0706574,0.989531,0,0.144322,0.0292671,0.979222,-0.200667,-0.141324,0.20279,0.968971
-0.748153,-1.26941,0.0721744,0.970181,0,-0.242381,0.0480382,0.980163,0.192283,0.237573,-0.198193,0.950936
-0.669269,-1.25684,0.0750201,0.876008,0,-0.482297,0.011622,0.99971,0.0211094,0.482157,-0.0240973,0.875753
-0.615586,-1.24975,0.0760132,0.925501,0,-0.378745,-0.0280728,0.997249,-0.0685986,0.377703,0.0741205,0.922955
-0.574031,-1.25225,0.0768489,0.994433,0,-0.10537,-0.00415559,0.999222,-0.0392187,0.105288,0.0394382,0.993659
-0.530777,-1.25531,0.0756985,0.989635,0,0.143604,-0.000412492,0.999996,0.00284265,-0.143603,-0.00287242,0.989631
-0.478635,-1.25463,0.0739247,0.963029,0,0.269399,0.0017546,0.999979,-0.00627222,-0.269393,0.00651301,0.963008
-0.415387,-1.2503,0.072253,0.9703,0,0.241906,0.0160866,0.997786,-0.0645244,-0.241371,0.0664995,0.968152
-0.340049,-1.24933,0.0685889,0.998939,0,0.0460522,0.00367968,0.996803,-0.0798176,-0.0459049,0.0799024,0.995745
-0.269087,-1.26026,0.0682882,0.996015,0,-0.0891905,0.0063654,0.99745,0.0710842,0.0889631,-0.0713686,0.993475
-0.211134,-1.25756,0.0731344,0.999045,0,-0.0436829,0.00148949,0.999419,0.0340652,0.0436575,-0.0340978,0.998465
-0.158985,-1.24638,0.0690065,0.996579,0,0.0826466,0.00997969,0.992683,-0.120338,-0.0820419,0.120751,0.989287
-0.103394,-1.25186,0.0623479,0.987081,0,0.160225,0.00720459,0.998989,-0.0443846,-0.160063,0.0449655,0.986082
-0.0345218,-1.27363,0.0667613,0.99843,0,0.0560226,-0.0143735,0.966527,0.256163,-0.0541473,-0.256566,0.965009
0.0468812,-1.27707,0.0844667,0.971622,0,-0.23654,0.0719767,0.95258,0.295654,0.225323,-0.304289,0.925547
0.122839,-1.25188,0.0931505,0.902924,0,-0.4298,-0.0191855,0.999003,-0.0403048,0.429372,0.0446381,0.902024
0.184105,-1.23715,0.0783023,0.896078,0,-0.443897,-0.110392,0.968584,-0.222844,0.429951,0.248688,0.867926
0.24483,-1.24641,0.0660548,0.904659,0,-0.426136,-0.0513174,0.992722,-0.108943,0.423035,0.120425,0.898075
0.30698,-1.25532,0.0630412,0.900018,0,-0.435854,0.00132971,0.999995,0.00274579,0.435852,-0.00305082,0.900013
0.362562,-1.25377,0.0656673,0.933811,0,-0.357768,-0.00658613,0.999831,-0.0171905,0.357707,0.018409,0.933652
0.409988,-1.25898,0.0691873,0.985984,0,-0.166841,0.00895664,0.998558,0.0529313,0.1666,-0.0536838,0.984562
0.457688,-1.27808,0.078354,0.999761,0,0.0218565,-0.00695417,0.948032,0.318098,-0.0207207,-0.318174,0.947806
0.496132,-1.27712,0.096973,0.935609,0,0.353038,-0.10767,0.952358,0.285343,-0.336219,-0.304981,0.891035
0.54453,-1.25334,0.105914,0.857778,0,0.514021,0.0125577,0.999702,-0.0209558,-0.513868,0.0244304,0.857522
0.612501,-1.23374,0.0929429,0.897929,0,0.440141,0.130234,0.955222,-0.265689,-0.420432,0.295891,0.857721
0.689858,-1.2313,0.0746361,0.977989,0,0.208657,0.0687852,0.944101,-0.322401,-0.196993,0.329657,0.92332
0.766069,-1.25013,0.0655237,0.999944,0,-0.0105908,-0.000728974,0.997628,-0.068827,0.0105657,0.0688308,0.997572
0.82936,-1.2683,0.0692426,0.999206,0,-0.0398531,0.00728615,0.983145,0.18268,0.0391813,-0.182825,0.982364
0.884221,-1.26923,0.0820762,0.998754,0,0.0499114,-0.00976444,0.980677,0.195392,-0.0489469,-0.195636,0.979454
0.938477,-1.25466,0.0894232,0.989364,0,0.145463,0.000897749,0.999981,-0.00610601,-0.14546,0.00617166,0.989345
0.99758,-1.24522,0.0830695,0.9843,0,0.176502,0.0241645,0.990584,-0.134759,-0.17484,0.136908,0.975032
1.06164,-1.24716,0.0752143,0.990662,0,0.136341,0.0149992,0.99393,-0.108985,-0.135513,0.110012,0.984649
1.13134,-1.26085,0.0742742,0.999834,0,0.0182199,-0.00144949,0.99683,0.0795419,-0.0181622,-0.0795551,0.996665
1.20603,-1.27985,0.0831271,0.983824,0,-0.179135,0.0613988,0.939426,0.337206,0.168285,-0.342751,0.924231
1.28224,-1.28653,0.103872,0.908698,0,-0.417454,0.181706,0.900299,0.395531,0.375833,-0.435272,0.8181
1.35806,-1.28304,0.130333,0.779159,0,-0.626826,0.242559,0.922095,0.301507,0.577993,-0.386965,0.718459
1.42885,-1.26299,0.152623,0.699382,0,-0.714748,0.078084,0.994015,0.0764052,0.71047,-0.109247,0.695196
1.47139,-1.22423,0.146626,0.866192,0,-0.499711,-0.213644,0.903998,-0.370328,0.451738,0.427536,0.783036
1.50556,-1.2025,0.0887204,0.993653,0,-0.112485,-0.081951,0.684989,-0.723929,0.0770508,0.728553,0.680642
-1.50017,-1.1901,0.0721555,0.999997,0,0.00229316,0.000119844,0.998633,-0.0522613,-0.00229002,0.0522614,0.998631
-1.43262,-1.19376,0.0705135,0.99636,0,-0.0852432,-0.000134788,0.999999,-0.00157546,0.0852431,0.00158121,0.996359
-1.37447,-1.19509,0.0713079,0.999089,0,-0.042677,0.000714423,0.99986,0.016725,0.042671,-0.0167402,0.998949
-1.31694,-1.19486,0.0723753,0.999964,0,0.00847012,-0.000115589,0.999907,0.0136462,-0.00846933,-0.0136467,0.999871
-1.25724,-1.19457,0.0730379,0.999561,0,0.0296326,-0.000282168,0.999955,0.00951801,-0.0296313,-0.0095222,0.999516
-1.19644,-1.19457,0.0735871,0.999369,0,0.035525,-0.000339363,0.999954,0.00954676,-0.0355234,-0.00955279,0.999323
-1.13588,-1.19487,0.074249,0.998998,0,0.0447492,-0.000614441,0.999906,0.013717,-0.044745,-0.0137308,0.998904
-1.07682,-1.19556,0.0751916,0.997203,0,0.0747401,-0.00174638,0.999727,0.0233007,-0.0747197,-0.0233661,0.996931
-1.0161,-1.19789,0.077344,0.996647,0,0.0818212,-0.00454535,0.998456,0.055366,-0.0816949,-0.0555522,0.995108
-0.944332,-1.20079,0.0821838,0.997907,0,-0.0646597,0.00619089,0.995406,0.0955455,0.0643626,-0.0957458,0.993323
-0.874432,-1.19003,0.0837965,0.98278,0,-0.184782,-0.00985261,0.998577,-0.0524019,0.184519,0.0533201,0.981381
-0.825438,-1.17975,0.0750908,0.999881,0,-0.0154267,-0.00301915,0.980662,-0.195686,0.0151284,0.19571,0.980545
-0.758185,-1.18312,0.0633794,0.995013,0,-0.0997414,-0.0148545,0.988848,-0.148187,0.098629,0.14893,0.983917
-0.693292,-1.1995,0.0612209,0.988703,0,-0.149889,0.0116669,0.996966,0.0769578,0.149434,-0.0778371,0.985703
-0.647542,-1.2091,0.0701472,0.997795,0,0.0663718,-0.0139908,0.97753,0.210329,-0.0648805,-0.210794,0.975375
-0.603831,-1.20927,0.0809278,0.949198,0,0.31468,-0.0670759,0.977018,0.202327,-0.307448,-0.213156,0.927384
-0.55164,-1.2037,0.0904331,0.899645,0,0.436622,-0.059415,0.990698,0.122423,-0.43256,-0.136079,0.891277
-0.49192,-1.19366,0.0954088,0.891307,0,0.453399,0.00135175,0.999996,-0.00265731,-0.453397,0.00298136,0.891303
-0.423961,-1.17827,0.0895864,0.929493,0,0.36884,0.0797401,0.976351,-0.200948,-0.360118,0.216191,0.907511
-0.348018,-1.17143,0.0717817,0.98639,0,0.16442,0.0511182,0.950443,-0.306669,-0.156272,0.3109,0.937508
-0.27341,-1.19343,0.0653303,0.999577,0,-0.0290819,-0.000180049,0.999981,-0.00618848,0.0290813,0.0061911,0.999558
-0.212088,-1.20559,0.0704523,0.999524,0,-0.0308494,0.00500599,0.986746,0.162195,0.0304405,-0.162272,0.986276
-0.17025,-1.20413,0.0785303,0.970647,0,0.240507,-0.0341643,0.989859,0.137881,-0.238068,-0.142051,0.960804
-0.128608,-1.19988,0.0786273,0.859554,0,0.511044,-0.0424524,0.996544,0.0714031,-0.509278,-0.0830699,0.856583
-0.0689962,-1.19518,0.0816647,0.846933,0,0.531699,-0.00962122,0.999836,0.0153255,-0.531612,-0.0180952,0.846795
0.0135375,-1.18877,0.0889947,0.971491,0,0.237077,0.0167672,0.997496,-0.0687083,-0.236483,0.0707246,0.969058
0.0978689,-1.18114,0.0820883,0.996392,0,-0.084876,-0.0149709,0.984321,-0.175749,0.0835452,0.176385,0.980769
0.15751,-1.18022,0.06989,0.99803,0,-0.0627446,-0.0118686,0.981947,-0.188784,0.0616119,0.189157,0.980012
0.208511,-1.18872,0.0622951,0.99678,0,0.0801874,0.00573026,0.997443,-0.0712307,-0.0799823,0.0714609,0.994231
0.264967,-1.19564,0.0608986,0.989275,0,0.146062,-0.0035589,0.999703,0.0241043,-0.146019,-0.0243656,0.988982
0.327713,-1.19671,0.0633999,0.992151,0,0.125047,-0.00491267,0.999228,0.0389781,-0.124951,-0.0392864,0.991385
0.393707,-1.20067,0.0670483,0.998249,0,0.05915,-0.00556049,0.995572,0.093842,-0.0588881,-0.0940066,0.993828
0.452729,-1.22971,0.0767689,0.994683,0,0.10298,-0.0511075,0.868158,0.493649,-0.0894025,-0.496288,0.863543
0.502649,-1.23135,0.113968,0.957711,0,0.28773,-0.149309,0.854823,0.496976,-0.245958,-0.51892,0.818673
0.551835,-1.1959,0.144039,0.910797,0,0.412855,-0.0115921,0.999606,0.0255731,-0.412693,-0.0280777,0.910437
0.617357,-1.16271,0.120878,0.920165,0,0.391532,0.169016,0.902027,-0.397215,-0.353172,0.431679,0.830014
0.687553,-1.1575,0.0842656,0.964242,0,0.265022,0.133542,0.863767,-0.485873,-0.228917,0.503891,0.832881
0.758992,-1.17776,0.0664596,0.995967,0,0.0897169,0.0200239,0.974775,-0.22229,-0.0874538,0.22319,0.970844
0.830638,-1.20412,0.066557,0.998347,0,-0.0574692,0.00815397,0.989883,0.14165,0.0568878,-0.141884,0.988247
0.89787,-1.20966,0.0777364,0.989641,0,-0.143566,0.0313756,0.975827,0.216281,0.140096,-0.218545,0.965718
0.960245,-1.1968,0.0883911,0.987733,0,-0.156152,0.00632287,0.99918,0.0399952,0.156024,-0.0404919,0.986923
1.01801,-1.18608,0.0857349,0.994072,0,-0.108727,-0.0117485,0.994145,-0.107415,0.10809,0.108055,0.988251
1.0753,-1.18457,0.077884,0.998537,0,-0.0540749,-0.00696882,0.991661,-0.128685,0.0536239,0.128873,0.99021
1.13636,-1.19234,0.0731792,0.998683,0,-0.0513085,-0.00109603,0.999772,-0.0213334,0.0512968,0.0213616,0.998455
1.20484,-1.20554,0.0761537,0.988102,0,-0.153801,0.0248319,0.98688,0.159534,0.151783,-0.161455,0.975138
1.27924,-1.21007,0.0850444,0.939345,0,-0.342975,0.0769169,0.974528,0.210661,0.334239,-0.224264,0.915418
1.35463,-1.20594,0.0932154,0.842931,0,-0.538022,0.0898873,0.985945,0.140828,0.53046,-0.16707,0.831083
1.42525,-1.19883,0.0963148,0.749395,0,-0.662123,0.0454496,0.997641,0.0514402,0.660561,-0.0686423,0.747628
1.48644,-1.18714,0.0964636,0.748599,0,-0.663023,-0.0618319,0.995642,-0.0698125,0.660134,0.0932575,0.745337
1.52528,-1.15747,0.0778216,0.91412,0,-0.405443,-0.204432,0.863575,-0.460917,0.350131,0.50422,0.789412
-1.50002,-1.1189,0.0710339,1,0,0.000218299,4.15866e-05,0.981687,-0.190503,-0.000214302,0.190503,0.981687
-1.44055,-1.13364,0.06783,0.999698,0,0.0245892,-0.00033523,0.999907,0.0136291,-0.0245869,-0.0136332,0.999605
-1.37896,-1.13563,0.0700546,0.99981,0,0.0194838,-0.00080369,0.999149,0.0412414,-0.0194672,-0.0412492,0.998959
-1.31501,-1.13461,0.0722351,0.999834,0,-0.0182057,0.000493806,0.999632,0.0271192,0.018199,-0.0271237,0.999466
-1.25336,-1.13406,0.0735999,0.999708,0,-0.0241636,0.000470979,0.99981,0.0194856,0.024159,-0.0194913,0.999518
-1.19377,-1.13445,0.0749057,0.999999,0,-0.00146647,3.65514e-05,0.999689,0.0249247,0.00146601,-0.0249248,0.999688
-1.13563,-1.13578,0.0768252,0.99915,0,0.0412206,-0.00178716,0.99906,0.0433192,-0.0411818,-0.043356,0.998211
-1.07822,-1.13751,0.079979,0.995551,0,0.0942282,-0.00633304,0.997739,0.0669105,-0.0940152,-0.0672095,0.9933
-1.018,-1.13296,0.0828327,0.994149,0,0.108016,-0.000455581,0.999991,0.00419304,-0.108015,-0.00421772,0.99414
-0.94731,-1.12272,0.0781884,0.999728,0,-0.0233392,-0.00321232,0.990483,-0.137599,0.0231171,0.137636,0.990213
-0.876837,-1.13283,0.0720693,0.988502,0,-0.151209,0.000374301,0.999997,0.00244692,0.151209,-0.00247539,0.988499
-0.825949,-1.13037,0.07475,0.999968,0,-0.00805797,-0.00025494,0.999499,-0.0316373,0.00805393,0.0316383,0.999467
-0.771338,-1.1172,0.0620562,0.996336,0,0.0855195,0.0183075,0.976817,-0.21329,-0.083537,0.214074,0.973239
-0.711361,-1.14463,0.0603911,0.99476,0,0.102241,-0.0169634,0.98614,0.165046,-0.100824,-0.165915,0.980972
-0.650656,-1.15841,0.0748597,0.993293,0,0.115627,-0.0412492,0.934203,0.35435,-0.108019,-0.356742,0.927937
-0.589229,-1.15592,0.0992031,0.993806,0,0.111129,-0.0358086,0.946663,0.320229,-0.105202,-0.322225,0.940799
-0.526377,-1.14544,0.118451,0.996466,0,0.0840007,-0.0148785,0.984189,0.176498,-0.0826725,-0.177124,0.98071
-0.462919,-1.12902,0.123994,0.998657,0,0.0518003,0.00260354,0.998736,-0.0501936,-0.0517348,0.0502611,0.997395
-0.400338,-1.10878,0.108162,0.99939,0,0.0349131,0.0115419,0.943774,-0.330389,-0.0329501,0.33059,0.943199
-0.33897,-1.10096,0.0764859,0.999406,0,0.0344482,0.0151217,0.898503,-0.438708,-0.0309518,0.438968,0.897969
-0.271252,-1.12233,0.0623028,0.998223,0,-0.0595886,-0.00852059,0.989724,-0.142736,0.0589763,0.14299,0.987965
-0.203014,-1.14957,0.063407,0.987023,0,-0.160577,0.0376142,0.972178,0.231204,0.156109,-0.234244,0.959562
-0.152921,-1.16553,0.0832543,0.999998,0,-0.00217626,0.000991061,0.890289,0.455396,0.0019375,-0.455397,0.890286
-0.111636,-1.15719,0.113284,0.956549,0,0.291573,-0.0990996,0.940469,0.325111,-0.274215,-0.33988,0.899604
-0.0579298,-1.12274,0.122915,0.924179,0,0.38196,0.0524328,0.990533,-0.126865,-0.378344,0.137273,0.91543
0.0175915,-1.10314,0.100332,0.980283,0,0.197599,0.0807737,0.912635,-0.400716,-0.180336,0.408776,0.89464
0.091006,-1.11272,0.0802147,0.999928,0,0.0119706,0.00330506,0.961129,-0.276079,-0.0115053,0.276098,0.961061
0.148698,-1.1284,0.0728561,0.998166,0,0.0605352,0.00356608,0.998263,-0.0588011,-0.06043,0.0589091,0.996433
0.202207,-1.13518,0.0719697,0.985891,0,0.167389,-0.00585657,0.999388,0.0344941,-0.167287,-0.0349877,0.985287
0.261516,-1.13504,0.074162,0.981016,0,0.193925,-0.00640191,0.999455,0.0323856,-0.19382,-0.0330122,0.980482
0.325308,-1.12937,0.0744994,0.987372,0,0.158416,0.00719348,0.998968,-0.0448354,-0.158253,0.0454088,0.986354
0.39121,-1.13425,0.0729556,0.99562,0,0.0934953,-0.00206263,0.999757,0.0219647,-0.0934726,-0.0220613,0.995377
0.458606,-1.16992,0.0806722,0.999956,0,0.00933403,-0.00481832,0.856462,0.516188,-0.00799424,-0.51621,0.856424
0.526056,-1.17424,0.121539,0.995411,0,-0.0956902,0.0551163,0.817459,0.573344,0.0782228,-0.575987,0.813708
0.591609,-1.13805,0.161539,0.990354,0,-0.138559,0.01035,0.997206,0.0739773,0.138172,-0.0746978,0.987587
0.647829,-1.09889,0.13754,0.996961,0,-0.0779026,-0.0364319,0.883909,-0.466238,0.0688588,0.46766,0.881222
0.703067,-1.09252,0.0948144,0.999857,0,0.0169048,0.00939727,0.831253,-0.555814,-0.0140522,0.555894,0.831135
0.761589,-1.10918,0.0697335,0.998517,0,0.0544343,0.0176997,0.94566,-0.324675,-0.0514764,0.325157,0.944258
0.827513,-1.13372,0.0648465,0.999907,0,-0.0136061,0.000201808,0.99989,0.0148308,0.0136046,-0.0148322,0.999797
0.896194,-1.14265,0.0696194,0.993012,0,-0.118011,0.0163357,0.990373,0.137458,0.116875,-0.138425,0.983453
0.961306,-1.13618,0.0762971,0.985286,0,-0.170916,0.00833999,0.998809,0.0480777,0.170713,-0.0487957,0.984112
1.02044,-1.12958,0.0765124,0.989877,0,-0.14193,-0.0060421,0.999093,-0.04214,0.141802,0.0425709,0.988979
1.07707,-1.12764,0.0731236,0.996928,0,-0.0783234,-0.00543326,0.997591,-0.0691565,0.0781347,0.0693696,0.994526
1.13528,-1.13045,0.0700312,0.99934,0,-0.0363309,-0.0011081,0.999535,-0.0304801,0.036314,0.0305002,0.998875
1.19889,-1.13594,0.070501,0.997585,0,-0.0694584,0.00316351,0.998962,0.0454354,0.0693863,-0.0455454,0.99655
1.2674,-1.13652,0.0730471,0.985341,0,-0.170595,0.00913144,0.998566,0.0527425,0.17035,-0.0535271,0.983929
1.33713,-1.13179,0.072776,0.957573,0,-0.288191,-0.00343271,0.999929,-0.0114059,0.28817,0.0119112,0.957505
1.4054,-1.128,0.0672708,0.922257,0,-0.386576,-0.0248981,0.997924,-0.0593995,0.385774,0.0644066,0.920343
1.471,-1.12902,0.0609721,0.894626,0,-0.446816,-0.0224979,0.998732,-0.0450459,0.446249,0.0503516,0.893491
1.51918,-1.1368,0.0655162,0.963964,0,-0.266034,0.0152655,0.998352,0.0553139,0.265596,-0.0573817,0.962375
-1.49972,-1.07248,0.0722193,0.999993,0,-0.0038122,5.54276e-05,0.999894,0.0145394,0.0038118,-0.0145395,0.999887
-1.45032,-1.07484,0.0741787,0.987095,0,0.160136,-0.00757401,0.998881,0.046687,-0.159957,-0.0472973,0.98599
-1.384,-1.06614,0.0739163,0.995986,0,0.0895087,0.00655859,0.997312,-0.0729791,-0.0892681,0.0732733,0.993309
-1.31381,-1.06859,0.0700394,0.999391,0,-0.0348838,-0.00136976,0.999229,-0.0392425,0.0348569,0.0392664,0.998621
-1.25013,-1.07347,0.0696901,0.997627,0,-0.0688462,0.00194971,0.999599,0.0282526,0.0688186,-0.0283198,0.997227
-1.19133,-1.07713,0.0730025,0.999371,0,-0.0354618,0.00280243,0.996872,0.078977,0.0353509,-0.0790267,0.996245
-1.13478,-1.07956,0.0787694,0.99956,0,0.0296516,-0.00334129,0.993631,0.112636,-0.0294627,-0.112685,0.993194
-1.07789,-1.08011,0.0859445,0.995925,0,0.0901835,-0.0108445,0.992744,0.119759,-0.0895291,-0.120249,0.988699
-1.0187,-1.07051,0.0904908,0.99305,0,0.117693,0.00150292,0.999918,-0.012681,-0.117684,0.0127698,0.992969
-0.955717,-1.05314,0.0793544,0.995338,0,0.0964527,0.0244294,0.967393,-0.252098,-0.0933077,0.253279,0.962883
-0.891448,-1.07148,0.0706344,0.998691,0,0.0511513,-3.86633e-05,1,0.000754872,-0.0511512,-0.000755862,0.998691
-0.831024,-1.07828,0.076948,0.998044,0,0.0625122,-0.00593519,0.995483,0.0947588,-0.0622298,-0.0949445,0.993536
-0.777726,-1.06117,0.071835,0.984785,0,0.173775,0.0246922,0.989853,-0.139931,-0.172012,0.142093,0.974793
-0.714546,-1.07637,0.0696738,0.989392,0,0.145271,-0.00995005,0.997652,0.0677663,-0.14493,-0.0684929,0.987068
-0.635666,-1.08551,0.0778713,0.994831,0,-0.101547,0.0198041,0.980799,0.194015,0.0995973,-0.195024,0.975729
-0.555865,-1.08357,0.0861558,0.932162,0,-0.36204,0.0608931,0.985754,0.156784,0.356883,-0.168194,0.918883
-0.484583,-1.0774,0.0909603,0.867247,0,-0.497878,0.0411759,0.996574,0.0717237,0.496173,-0.0827027,0.864276
-0.421476,-1.06935,0.0922072,0.852661,0,-0.522464,-0.0150263,0.999586,-0.0245229,0.522248,0.0287605,0.852308
-0.367899,-1.05823,0.0878736,0.905914,0,-0.423463,-0.0774154,0.983147,-0.165615,0.416326,0.182815,0.890646
-0.326042,-1.04855,0.0737136,0.987736,0,-0.156132,-0.0494755,0.948465,-0.312996,0.148086,0.316883,0.936833
-0.272486,-1.05271,0.0557665,0.999059,0,-0.0433693,-0.0112463,0.965793,-0.259072,0.0418857,0.259316,0.964884
-0.200567,-1.08072,0.0504078,0.981473,0,-0.191598,0.0246616,0.991682,0.126331,0.190004,-0.128715,0.973309
-0.134812,-1.10893,0.064805,0.955254,0,-0.295786,0.153644,0.854504,0.496201,0.25275,-0.519444,0.816269
