-0.392822,-0.389012,-0.389088,-0.395129,-0.39819,-0.399717,-0.394648,-0.385459,-0.368083,-0.337842,-0.300549,-0.255964,-0.211125,-0.165313,-0.126224,-0.0958426,-0.0764645,-0.0758282,-0.0849544,-0.105255,-0.136523,-0.170387,-0.204045,-0.242706,-0.282358,-0.319815,-0.356156,-0.390481,-0.427997,-0.459459,-0.494123,-0.528182,-0.559484,-0.587638,-0.617567,-0.642921,-0.662762,-0.672362,-0.673032,-0.654777,-0.619707,-0.568969,-0.500984,-0.418443,-0.328345,-0.239908,-0.158086,-0.0817754,-0.0220406,0.0273791
-0.387597,-0.381871,-0.382698,-0.385363,-0.387795,-0.39178,-0.390692,-0.384257,-0.368236,-0.342689,-0.308727,-0.267473,-0.222641,-0.177395,-0.138237,-0.107677,-0.0949446,-0.0926277,-0.10397,-0.126235,-0.157511,-0.192561,-0.235474,-0.27133,-0.310441,-0.343462,-0.375002,-0.403505,-0.429953,-0.449995,-0.473795,-0.497549,-0.521395,-0.546845,-0.573455,-0.600237,-0.626501,-0.642691,-0.64997,-0.641558,-0.616845,-0.570275,-0.507649,-0.432164,-0.34714,-0.258302,-0.175479,-0.101814,-0.0420987,0.00535671
-0.380135,-0.376971,-0.377689,-0.377988,-0.382326,-0.387263,-0.387619,-0.384476,-0.370067,-0.349955,-0.320177,-0.27917,-0.235562,-0.194523,-0.155433,-0.128518,-0.111519,-0.109836,-0.125265,-0.148938,-0.182837,-0.223877,-0.263073,-0.300033,-0.333435,-0.363568,-0.384026,-0.402423,-0.415855,-0.427821,-0.437636,-0.448844,-0.464655,-0.484414,-0.508753,-0.537029,-0.567133,-0.590892,-0.605652,-0.606139,-0.589239,-0.556562,-0.500724,-0.4311,-0.351458,-0.267395,-0.189086,-0.118272,-0.0610829,-0.0181177
-0.374446,-0.3718,-0.371897,-0.37299,-0.378448,-0.382604,-0.383711,-0.384071,-0.37315,-0.353661,-0.326552,-0.290231,-0.247973,-0.207324,-0.171419,-0.146035,-0.130977,-0.134261,-0.148911,-0.175404,-0.208972,-0.248776,-0.287253,-0.32215,-0.350629,-0.37357,-0.385162,-0.392438,-0.394764,-0.392238,-0.390231,-0.389178,-0.394085,-0.406387,-0.431422,-0.456665,-0.488675,-0.520785,-0.541845,-0.554558,-0.548597,-0.523116,-0.477854,-0.416988,-0.348922,-0.273118,-0.199986,-0.135914,-0.0839635,-0.0439899
-0.364776,-0.361684,-0.365035,-0.367778,-0.374251,-0.378512,-0.381482,-0.380548,-0.370649,-0.353862,-0.326832,-0.292536,-0.255751,-0.217588,-0.184417,-0.162822,-0.151018,-0.154799,-0.171322,-0.198543,-0.233235,-0.271954,-0.307382,-0.338417,-0.360783,-0.374887,-0.378966,-0.37209,-0.363502,-0.348897,-0.333281,-0.320366,-0.316917,-0.324139,-0.34101,-0.366505,-0.402291,-0.436091,-0.465894,-0.482098,-0.48643,-0.473874,-0.441162,-0.39211,-0.334924,-0.269628,-0.207489,-0.152764,-0.103944,-0.0730564
-0.355176,-0.354941,-0.359031,-0.364974,-0.368789,-0.375019,-0.378131,-0.374906,-0.365482,-0.348836,-0.324003,-0.290825,-0.254476,-0.222035,-0.191306,-0.17044,-0.162431,-0.167944,-0.189189,-0.216395,-0.251821,-0.284156,-0.319503,-0.346237,-0.361797,-0.366806,-0.363525,-0.347326,-0.326382,-0.298283,-0.273381,-0.250893,-0.237692,-0.236795,-0.25051,-0.274262,-0.306601,-0.342438,-0.37791,-0.40415,-0.419113,-0.414872,-0.393397,-0.360645,-0.315882,-0.265369,-0.21407,-0.167899,-0.128508,-0.106055
-0.344371,-0.347777,-0.355461,-0.359961,-0.365777,-0.367976,-0.36922,-0.365728,-0.357117,-0.338505,-0.314688,-0.282094,-0.249742,-0.219161,-0.193593,-0.178274,-0.172109,-0.180817,-0.199154,-0.229891,-0.259399,-0.292248,-0.320307,-0.344948,-0.351872,-0.352832,-0.336527,-0.314685,-0.286005,-0.251054,-0.215781,-0.185074,-0.163307,-0.157287,-0.163524,-0.181787,-0.214017,-0.250085,-0.287618,-0.318856,-0.339623,-0.347015,-0.339725,-0.320183,-0.291077,-0.253979,-0.217219,-0.185039,-0.158161,-0.139691
-0.335283,-0.346253,-0.354591,-0.358648,-0.361478,-0.3634,-0.363187,-0.354257,-0.341635,-0.322132,-0.298583,-0.271499,-0.240778,-0.211406,-0.191196,-0.176967,-0.174897,-0.187109,-0.204468,-0.232114,-0.263917,-0.293,-0.314649,-0.330329,-0.33271,-0.325468,-0.306972,-0.279422,-0.24234,-0.203749,-0.161558,-0.126534,-0.0998961,-0.0843285,-0.0861961,-0.102709,-0.1274,-0.161997,-0.195308,-0.230301,-0.257191,-0.275342,-0.279934,-0.275133,-0.261378,-0.240356,-0.219771,-0.199883,-0.184398,-0.174039
-0.330063,-0.344182,-0.353601,-0.357732,-0.360086,-0.357036,-0.350726,-0.341429,-0.325981,-0.306671,-0.282463,-0.255815,-0.227607,-0.203948,-0.183275,-0.173034,-0.172784,-0.18466,-0.203798,-0.230877,-0.257855,-0.283419,-0.299795,-0.310557,-0.309835,-0.29741,-0.273731,-0.240454,-0.20257,-0.158376,-0.115827,-0.0781333,-0.0475972,-0.0259659,-0.0216816,-0.0294868,-0.0488784,-0.0792232,-0.112359,-0.146209,-0.178106,-0.202425,-0.220456,-0.228428,-0.226194,-0.224324,-0.22097,-0.213487,-0.209748,-0.204897
-0.327497,-0.346025,-0.355384,-0.360022,-0.36035,-0.352187,-0.344129,-0.328793,-0.308678,-0.290459,-0.266185,-0.240645,-0.214821,-0.192182,-0.177232,-0.170853,-0.172188,-0.183934,-0.202547,-0.225369,-0.249247,-0.268225,-0.280651,-0.283044,-0.276166,-0.261522,-0.237125,-0.202045,-0.164747,-0.122006,-0.0770168,-0.0377154,-0.00256003,0.0184184,0.0293284,0.0282208,0.013878,-0.00735625,-0.0356664,-0.070294,-0.100813,-0.132159,-0.159736,-0.179051,-0.193389,-0.208863,-0.21581,-0.225031,-0.229676,-0.233539
-0.329496,-0.347695,-0.360615,-0.363754,-0.359582,-0.350612,-0.334627,-0.320838,-0.298889,-0.275091,-0.253009,-0.228139,-0.204895,-0.185458,-0.174145,-0.168814,-0.172934,-0.184331,-0.200811,-0.217919,-0.234532,-0.249033,-0.253735,-0.252024,-0.243382,-0.223728,-0.198249,-0.166458,-0.128834,-0.0869206,-0.0492075,-0.00883786,0.0265952,0.0520799,0.0681634,0.0751569,0.0670593,0.0538987,0.0304051,0.00108348,-0.0322135,-0.0665385,-0.102004,-0.130431,-0.159755,-0.186301,-0.209061,-0.230518,-0.244761,-0.255635
-0.330278,-0.353745,-0.368961,-0.370834,-0.364772,-0.349944,-0.332614,-0.313416,-0.289764,-0.267868,-0.24263,-0.221785,-0.203208,-0.187893,-0.179216,-0.174013,-0.178795,-0.187414,-0.200835,-0.214756,-0.222232,-0.232354,-0.231345,-0.223961,-0.210476,-0.189881,-0.164303,-0.132764,-0.0988643,-0.0605325,-0.0258337,0.0135773,0.0476672,0.0758305,0.0961675,0.109738,0.109753,0.100608,0.0849892,0.0587627,0.0287785,-0.00696036,-0.0475325,-0.0876224,-0.126432,-0.163881,-0.198068,-0.230006,-0.252539,-0.271006
-0.332239,-0.360336,-0.377614,-0.380535,-0.370475,-0.354317,-0.335132,-0.309604,-0.287576,-0.263465,-0.241981,-0.223224,-0.206289,-0.194801,-0.189165,-0.188499,-0.192256,-0.196103,-0.205933,-0.212346,-0.217035,-0.216314,-0.210564,-0.200328,-0.18277,-0.15947,-0.134242,-0.10532,-0.0745422,-0.0429956,-0.0092486,0.027224,0.0585313,0.0894788,0.113858,0.131803,0.140706,0.1377,0.130116,0.105789,0.077669,0.0425023,0.000871866,-0.0464023,-0.0934912,-0.141455,-0.182217,-0.22408,-0.255516,-0.2771
-0.326729,-0.362495,-0.378846,-0.381972,-0.373642,-0.356616,-0.336717,-0.310601,-0.290093,-0.265454,-0.247295,-0.231078,-0.218907,-0.211174,-0.207756,-0.207538,-0.209168,-0.211587,-0.216237,-0.219723,-0.217735,-0.209905,-0.196749,-0.181089,-0.161117,-0.138351,-0.112819,-0.0885534,-0.0597421,-0.0313394,0.000672297,0.0306632,0.0626491,0.0946405,0.124062,0.146114,0.160892,0.166979,0.159139,0.1433,0.117287,0.0813799,0.037709,-0.0120622,-0.0648933,-0.118552,-0.169575,-0.214269,-0.251647,-0.276899
-0.319113,-0.353561,-0.375801,-0.380059,-0.371819,-0.357428,-0.336175,-0.31142,-0.291205,-0.273129,-0.258918,-0.246414,-0.239597,-0.233879,-0.233575,-0.232886,-0.233478,-0.234091,-0.232384,-0.231161,-0.222766,-0.211758,-0.194331,-0.175792,-0.152233,-0.129354,-0.104391,-0.0814483,-0.0584204,-0.0304438,-0.00209698,0.0270774,0.0608799,0.0940904,0.126937,0.152861,0.16982,0.180928,0.178899,0.1685,0.143352,0.106886,0.0631443,0.0121962,-0.0411519,-0.100366,-0.154297,-0.205197,-0.245393,-0.27704
-0.295065,-0.338008,-0.360976,-0.368671,-0.365103,-0.35022,-0.331832,-0.312925,-0.294467,-0.280566,-0.27069,-0.264952,-0.2639,-0.261066,-0.265259,-0.263952,-0.264866,-0.262275,-0.256113,-0.249045,-0.237763,-0.222602,-0.201754,-0.180765,-0.156949,-0.130032,-0.111728,-0.0871105,-0.0675495,-0.0423475,-0.0135122,0.0165242,0.0518055,0.087637,0.119692,0.149264,0.173952,0.185738,0.18774,0.176466,0.156454,0.123622,0.0771251,0.0273545,-0.0292672,-0.0862608,-0.144424,-0.195077,-0.237513,-0.269693
-0.263413,-0.306257,-0.334488,-0.345562,-0.344411,-0.336425,-0.322206,-0.307636,-0.297529,-0.290522,-0.286756,-0.286307,-0.289314,-0.291531,-0.298634,-0.299601,-0.295736,-0.292327,-0.285504,-0.271919,-0.257674,-0.239894,-0.216985,-0.195179,-0.171276,-0.150728,-0.128312,-0.1091,-0.0869445,-0.0626862,-0.0355929,-0.00333105,0.0344109,0.0712034,0.106163,0.140576,0.165795,0.18007,0.183589,0.175836,0.153243,0.122035,0.0774461,0.0307835,-0.025043,-0.081795,-0.138104,-0.188275,-0.230607,-0.260536
-0.217577,-0.263286,-0.295562,-0.309839,-0.315051,-0.308892,-0.304565,-0.297047,-0.293547,-0.295405,-0.299756,-0.307828,-0.315044,-0.324104,-0.32929,-0.333713,-0.332075,-0.325453,-0.315034,-0.299761,-0.282519,-0.261228,-0.241417,-0.220947,-0.200312,-0.178915,-0.160547,-0.138409,-0.12031,-0.0948899,-0.0648813,-0.0319631,0.00475123,0.0457168,0.0855961,0.118041,0.146486,0.162825,0.167761,0.163625,0.142441,0.110255,0.070277,0.0251395,-0.0283588,-0.0842921,-0.135933,-0.18389,-0.224638,-0.251152
-0.161108,-0.210655,-0.243633,-0.263419,-0.27329,-0.280487,-0.281988,-0.282422,-0.288036,-0.295757,-0.306305,-0.323773,-0.337188,-0.350999,-0.359499,-0.362957,-0.364129,-0.355676,-0.341893,-0.328908,-0.310226,-0.289058,-0.269703,-0.252714,-0.231865,-0.215799,-0.198957,-0.179367,-0.158935,-0.133856,-0.104241,-0.0691604,-0.028034,0.0144876,0.0552596,0.0944587,0.122135,0.14217,0.146912,0.13933,0.119375,0.0908363,0.0546254,0.00783053,-0.0390423,-0.0896119,-0.138345,-0.183191,-0.217095,-0.24271
-0.0981002,-0.150066,-0.184618,-0.210271,-0.225934,-0.239817,-0.249834,-0.259,-0.27356,-0.289911,-0.311599,-0.332247,-0.353529,-0.370271,-0.383655,-0.388983,-0.38765,-0.380275,-0.369274,-0.350792,-0.334296,-0.316136,-0.294407,-0.282105,-0.265915,-0.254737,-0.23827,-0.223887,-0.203847,-0.178655,-0.147264,-0.108136,-0.0661525,-0.0180343,0.0260766,0.0638988,0.0956927,0.113084,0.121385,0.114068,0.0969261,0.0683411,0.033099,-0.00958875,-0.0525205,-0.0986021,-0.14315,-0.180668,-0.212575,-0.233047
-0.0343982,-0.0820562,-0.119078,-0.150796,-0.17514,-0.195432,-0.212798,-0.232524,-0.255897,-0.278228,-0.308811,-0.336881,-0.36146,-0.383547,-0.395894,-0.40369,-0.403093,-0.396282,-0.384349,-0.367176,-0.349439,-0.333841,-0.320968,-0.307196,-0.297249,-0.288921,-0.279286,-0.265192,-0.246788,-0.223041,-0.189489,-0.148117,-0.103844,-0.0553506,-0.00866459,0.0318298,0.066617,0.0883877,0.0947605,0.0916868,0.0735112,0.0462446,0.0125064,-0.0247786,-0.0661431,-0.107825,-0.144957,-0.176805,-0.204721,-0.220446
0.0306156,-0.0143235,-0.0534566,-0.0901786,-0.121868,-0.148116,-0.177217,-0.203034,-0.233156,-0.267229,-0.300004,-0.331849,-0.359516,-0.384182,-0.400676,-0.409796,-0.409347,-0.401682,-0.387626,-0.373912,-0.359063,-0.343464,-0.335236,-0.324074,-0.320853,-0.315013,-0.308749,-0.30051,-0.286383,-0.26082,-0.227295,-0.186649,-0.138826,-0.0883089,-0.0418108,0.00392439,0.0378738,0.0617491,0.0728314,0.067337,0.0535499,0.0302234,-0.000989593,-0.0362305,-0.0744056,-0.108968,-0.142297,-0.168971,-0.192129,-0.203513
0.0959426,0.048322,0.0086463,-0.030916,-0.0692118,-0.104353,-0.138873,-0.172718,-0.209639,-0.249003,-0.283489,-0.319701,-0.351554,-0.373896,-0.393359,-0.4025,-0.400756,-0.392762,-0.380344,-0.366662,-0.352712,-0.340418,-0.333673,-0.328251,-0.327176,-0.327783,-0.326366,-0.322892,-0.310887,-0.288439,-0.260159,-0.219084,-0.170758,-0.121771,-0.0697364,-0.0251244,0.0134206,0.0391713,0.052512,0.0514642,0.038641,0.0197772,-0.00658006,-0.0376519,-0.0721224,-0.101828,-0.130649,-0.154986,-0.169495,-0.179179
0.148813,0.108436,0.0628706,0.0196757,-0.0223911,-0.0645619,-0.104883,-0.147828,-0.188793,-0.228784,-0.269004,-0.303142,-0.333506,-0.358824,-0.372831,-0.381115,-0.379886,-0.370975,-0.358824,-0.346343,-0.332266,-0.322262,-0.316546,-0.318451,-0.320719,-0.325787,-0.32902,-0.329511,-0.323212,-0.304923,-0.277064,-0.239157,-0.193285,-0.143935,-0.0930498,-0.0473914,-0.00564179,0.0199745,0.0383398,0.0422014,0.0341953,0.0181288,-0.00369518,-0.0298962,-0.0594309,-0.0857707,-0.107845,-0.129017,-0.141596,-0.150442
0.196046,0.156249,0.110676,0.0626183,0.0148908,-0.0321119,-0.0777099,-0.125823,-0.170166,-0.209158,-0.248451,-0.282977,-0.312471,-0.331455,-0.346449,-0.35156,-0.347786,-0.335678,-0.324391,-0.311227,-0.297546,-0.288277,-0.286758,-0.28901,-0.297638,-0.305867,-0.314893,-0.317233,-0.317144,-0.304086,-0.282851,-0.250081,-0.207294,-0.160804,-0.110444,-0.0619156,-0.0226674,0.0099003,0.0332271,0.039293,0.0379324,0.0262044,0.00945208,-0.0103551,-0.0342108,-0.058368,-0.0773065,-0.0963126,-0.108375,-0.113618
0.231242,0.19115,0.145593,0.0967684,0.0417816,-0.0100196,-0.0612868,-0.112313,-0.159309,-0.199379,-0.234468,-0.265416,-0.288378,-0.302733,-0.311384,-0.311212,-0.304786,-0.293964,-0.27901,-0.264938,-0.252638,-0.244875,-0.242921,-0.248253,-0.258027,-0.269751,-0.285388,-0.29516,-0.301326,-0.293661,-0.277061,-0.250337,-0.210779,-0.169268,-0.120456,-0.0726199,-0.0321327,0.00366518,0.0292768,0.0428434,0.0463229,0.043457,0.0304139,0.0149097,-0.000912643,-0.0207196,-0.0370925,-0.0525975,-0.064383,-0.0708059
0.250051,0.21438,0.168082,0.116136,0.0557665,4.19835e-05,-0.0561705,-0.105764,-0.154171,-0.193401,-0.225269,-0.250792,-0.266829,-0.274302,-0.276108,-0.270825,-0.259376,-0.244969,-0.226982,-0.211398,-0.199185,-0.192596,-0.192017,-0.198085,-0.210482,-0.224847,-0.242691,-0.2594,-0.266834,-0.269977,-0.258887,-0.238488,-0.204263,-0.165225,-0.122747,-0.07654,-0.0359063,0.00221106,0.0315103,0.0510798,0.0603584,0.0638953,0.0583224,0.0482866,0.0354915,0.0219617,0.00795172,-0.0048167,-0.0128942,-0.0241397
0.255635,0.222024,0.174864,0.121782,0.0596724,-0.00345053,-0.0600955,-0.11394,-0.160417,-0.19695,-0.222177,-0.24106,-0.251035,-0.252585,-0.247517,-0.232533,-0.216028,-0.19643,-0.179022,-0.157257,-0.145575,-0.136904,-0.135012,-0.14041,-0.154639,-0.172163,-0.191956,-0.212349,-0.225356,-0.233222,-0.229215,-0.213748,-0.191293,-0.156281,-0.116424,-0.0736998,-0.0314503,0.00289998,0.0355043,0.061475,0.0764657,0.0835337,0.0841375,0.084964,0.0783102,0.0692948,0.056927,0.0469103,0.0341241,0.0277413
0.246567,0.213712,0.165175,0.109803,0.0451436,-0.018382,-0.0804514,-0.134937,-0.178954,-0.21129,-0.235279,-0.244716,-0.245007,-0.234057,-0.221517,-0.199917,-0.179042,-0.155513,-0.130461,-0.108675,-0.0928875,-0.0830269,-0.0818768,-0.0874678,-0.0995305,-0.115146,-0.140999,-0.159914,-0.179225,-0.190971,-0.191452,-0.183097,-0.165415,-0.137717,-0.103887,-0.0628054,-0.0260816,0.0135007,0.0422755,0.0710319,0.0920018,0.105679,0.112832,0.118127,0.117535,0.111563,0.105284,0.0952656,0.0851429,0.0778684
0.220959,0.19224,0.142362,0.0873205,0.0210445,-0.0455542,-0.107793,-0.163539,-0.206204,-0.23593,-0.253015,-0.254865,-0.245864,-0.229901,-0.205671,-0.176769,-0.146739,-0.119477,-0.0922764,-0.0690975,-0.050435,-0.0379999,-0.0316746,-0.0343378,-0.0458693,-0.0613485,-0.0829411,-0.107245,-0.126954,-0.141591,-0.149919,-0.146171,-0.134207,-0.111551,-0.0829065,-0.0472936,-0.0139825,0.0228571,0.0540263,0.0811782,0.107597,0.123393,0.137854,0.147842,0.152653,0.152407,0.148574,0.144391,0.137492,0.128964
0.181192,0.153077,0.110254,0.0526569,-0.0144864,-0.0802886,-0.146503,-0.198799,-0.240277,-0.267791,-0.278387,-0.274929,-0.257791,-0.231974,-0.199708,-0.16464,-0.130472,-0.0956607,-0.0633309,-0.038642,-0.0164326,-0.00251366,0.00775293,0.00929384,0.00168178,-0.0136401,-0.0338747,-0.0544061,-0.0744609,-0.0899151,-0.101495,-0.103771,-0.0943806,-0.0763231,-0.0544058,-0.0250036,0.00442419,0.034772,0.0661748,0.0916595,0.117316,0.140836,0.157217,0.170937,0.179107,0.18573,0.187807,0.1854,0.181411,0.172056
0.132993,0.106894,0.0650019,0.00887862,-0.0558986,-0.1247,-0.187678,-0.243146,-0.281727,-0.302366,-0.308651,-0.298777,-0.275919,-0.241742,-0.204044,-0.163415,-0.12483,-0.0860462,-0.0499379,-0.0233875,0.00341348,0.0209659,0.0352992,0.0418246,0.0371964,0.0278335,0.0122088,-0.00618251,-0.0250718,-0.0410642,-0.0507443,-0.0541304,-0.0497939,-0.0387793,-0.0208762,-0.000742677,0.0265632,0.0520851,0.0788607,0.102772,0.126719,0.148885,0.167886,0.186555,0.199207,0.211222,0.216464,0.219925,0.218641,0.217456
0.0774609,0.0550178,0.0125315,-0.0404596,-0.103422,-0.169711,-0.233202,-0.284574,-0.321455,-0.341119,-0.342674,-0.326546,-0.296642,-0.259511,-0.216836,-0.168697,-0.127155,-0.0875311,-0.0492124,-0.0158714,0.0139343,0.0343838,0.0507702,0.0624091,0.0661955,0.0611369,0.051387,0.0362923,0.021268,0.0082101,-0.000966051,-0.00379717,-0.00155565,0.00427545,0.0164278,0.032998,0.0490992,0.070052,0.0921043,0.110127,0.134654,0.154748,0.17639,0.196141,0.213429,0.227791,0.23875,0.245904,0.248736,0.252583
0.0250804,0.00213463,-0.0378419,-0.0902556,-0.150246,-0.214157,-0.275993,-0.324733,-0.359478,-0.374556,-0.369859,-0.35473,-0.319271,-0.27782,-0.231636,-0.184963,-0.138862,-0.0949706,-0.0543126,-0.0209964,0.00982514,0.0388873,0.0586401,0.0740535,0.0838615,0.0864264,0.0820549,0.0767833,0.0654118,0.0560805,0.0495133,0.0447625,0.0470959,0.0504214,0.0564579,0.0666045,0.0776249,0.0913929,0.102969,0.118627,0.138306,0.159118,0.178745,0.199015,0.218403,0.238368,0.251706,0.26428,0.270904,0.280485
-0.0213392,-0.0450736,-0.0830071,-0.134994,-0.196936,-0.257378,-0.31404,-0.359683,-0.390504,-0.404207,-0.398584,-0.375878,-0.341282,-0.29693,-0.248499,-0.199002,-0.154583,-0.111002,-0.0683782,-0.0337226,0.000983284,0.0309613,0.0579528,0.0782124,0.0937399,0.102635,0.109203,0.109173,0.103211,0.0993205,0.0969124,0.0938506,0.0937925,0.094765,0.0955115,0.099097,0.104421,0.107951,0.118086,0.126767,0.141709,0.158916,0.175981,0.19805,0.219195,0.239645,0.257502,0.273289,0.286959,0.298743
-0.0560358,-0.0818585,-0.120626,-0.173809,-0.230687,-0.288982,-0.341823,-0.384731,-0.413033,-0.422584,-0.415024,-0.392614,-0.355846,-0.312556,-0.264302,-0.214689,-0.167956,-0.125477,-0.0844496,-0.0468497,-0.0114314,0.0219958,0.0495493,0.0785834,0.098275,0.116825,0.126091,0.13436,0.138326,0.139868,0.138346,0.140041,0.136791,0.138064,0.136235,0.133394,0.128432,0.131562,0.131475,0.135175,0.145083,0.154577,0.174599,0.19384,0.211989,0.235828,0.255925,0.2762,0.294872,0.312295
-0.0748544,-0.106474,-0.147072,-0.199254,-0.253434,-0.311178,-0.362704,-0.401613,-0.427939,-0.435817,-0.424375,-0.399401,-0.365249,-0.324243,-0.276138,-0.229744,-0.186182,-0.143178,-0.103294,-0.0637128,-0.0254882,0.00934447,0.0439771,0.0747982,0.101415,0.125255,0.144907,0.157356,0.168149,0.172595,0.176967,0.178539,0.175142,0.175709,0.17047,0.162956,0.15711,0.149516,0.145545,0.14208,0.14637,0.155144,0.168906,0.184331,0.206032,0.228717,0.250943,0.275397,0.296302,0.320639
-0.0756111,-0.113877,-0.160669,-0.21098,-0.267212,-0.322902,-0.37233,-0.406256,-0.4296,-0.435624,-0.424692,-0.403153,-0.370154,-0.329709,-0.286235,-0.243285,-0.200575,-0.159125,-0.119822,-0.0781413,-0.0406209,-0.00346604,0.0351197,0.0702196,0.101701,0.129467,0.154217,0.175301,0.190617,0.199524,0.205909,0.211175,0.212286,0.208649,0.202507,0.192667,0.179899,0.169384,0.159777,0.153429,0.15047,0.15726,0.163763,0.181675,0.19963,0.223573,0.244883,0.270924,0.296229,0.32191
-0.0635551,-0.107339,-0.156388,-0.21249,-0.269196,-0.32231,-0.368206,-0.403674,-0.420632,-0.427093,-0.42007,-0.397344,-0.368088,-0.332825,-0.293726,-0.252325,-0.21242,-0.172054,-0.130994,-0.0923316,-0.0503488,-0.012179,0.0273782,0.0660702,0.10078,0.135086,0.164211,0.186562,0.206258,0.220369,0.231326,0.236866,0.238828,0.236319,0.229266,0.217411,0.204755,0.190265,0.176004,0.168087,0.160071,0.158999,0.165432,0.179768,0.195964,0.216318,0.241965,0.269181,0.295194,0.323121
-0.0383702,-0.0861669,-0.142164,-0.199711,-0.256564,-0.306664,-0.354341,-0.385883,-0.405043,-0.410976,-0.403807,-0.386671,-0.361938,-0.329173,-0.296346,-0.258267,-0.223288,-0.182507,-0.142724,-0.103806,-0.0595656,-0.0184149,0.0242958,0.0668814,0.105471,0.138194,0.171274,0.197366,0.220602,0.236358,0.251153,0.257832,0.261325,0.260095,0.254267,0.242776,0.228767,0.215242,0.199765,0.186454,0.177908,0.172484,0.178226,0.185425,0.199343,0.216637,0.240845,0.268714,0.297596,0.324785
-0.000410495,-0.0541697,-0.115569,-0.174835,-0.229819,-0.282984,-0.323534,-0.359461,-0.377899,-0.385052,-0.379921,-0.371712,-0.34985,-0.323444,-0.296338,-0.264225,-0.228618,-0.192148,-0.154691,-0.111708,-0.06637,-0.0245777,0.0215736,0.0649962,0.106775,0.143387,0.177777,0.204754,0.229681,0.248437,0.264373,0.273765,0.280305,0.283312,0.276842,0.269979,0.257731,0.244893,0.228477,0.212641,0.200347,0.196118,0.195791,0.202708,0.213633,0.22735,0.248565,0.274693,0.301392,0.327337
0.0454667,-0.0169581,-0.0771253,-0.139874,-0.193122,-0.244998,-0.286562,-0.318415,-0.340505,-0.349884,-0.35265,-0.343956,-0.332913,-0.314389,-0.291744,-0.266721,-0.234348,-0.197645,-0.159323,-0.116517,-0.0715153,-0.0244205,0.0228217,0.0683542,0.110539,0.149218,0.179982,0.209807,0.235569,0.256298,0.275372,0.288687,0.29908,0.305282,0.30275,0.30088,0.295009,0.281092,0.265827,0.252448,0.23917,0.230272,0.226659,0.228387,0.23383,0.247675,0.264028,0.286819,0.309832,0.33262
0.0908772,0.0302688,-0.0332509,-0.0932323,-0.14838,-0.197464,-0.239209,-0.268586,-0.293671,-0.307707,-0.316763,-0.316803,-0.312272,-0.301173,-0.285794,-0.265302,-0.238419,-0.204418,-0.16521,-0.118679,-0.073651,-0.024271,0.0242787,0.0699935,0.113312,0.148442,0.181366,0.213271,0.238354,0.262802,0.282343,0.303801,0.317339,0.328847,0.335159,0.336116,0.332064,0.322279,0.310795,0.298971,0.286666,0.27547,0.269496,0.266328,0.26697,0.274941,0.287472,0.301238,0.320996,0.342056
0.139845,0.0771587,0.0150839,-0.0429687,-0.094364,-0.140364,-0.180251,-0.212156,-0.238985,-0.259726,-0.272301,-0.28369,-0.286078,-0.285062,-0.278615,-0.263189,-0.237867,-0.207499,-0.168759,-0.124291,-0.0739902,-0.0226879,0.0261,0.073879,0.114579,0.152682,0.185594,0.21245,0.240717,0.268048,0.292834,0.316637,0.338462,0.354123,0.369777,0.378049,0.379059,0.375297,0.367706,0.355184,0.34288,0.331185,0.320903,0.313707,0.309644,0.309902,0.31564,0.323541,0.336065,0.35019
0.181388,0.121089,0.0670279,0.0118584,-0.0349941,-0.0801222,-0.117353,-0.149427,-0.178859,-0.203117,-0.226406,-0.243855,-0.258101,-0.26745,-0.265342,-0.256949,-0.237496,-0.208365,-0.171854,-0.12457,-0.0737086,-0.0220703,0.0269157,0.0726447,0.114573,0.151719,0.184965,0.214289,0.242721,0.275403,0.303682,0.332982,0.360435,0.388962,0.407445,0.42303,0.433243,0.432976,0.427348,0.418729,0.407042,0.390501,0.378732,0.364482,0.354836,0.34939,0.345079,0.343766,0.348035,0.354454
0.223313,0.168969,0.118856,0.070225,0.0249819,-0.0140084,-0.0511089,-0.0848155,-0.113474,-0.14774,-0.174454,-0.203698,-0.224314,-0.24239,-0.248596,-0.244905,-0.232842,-0.207376,-0.169892,-0.124147,-0.0749651,-0.0227114,0.0279874,0.0735234,0.112563,0.150714,0.181991,0.212211,0.24417,0.277011,0.314931,0.349558,0.388219,0.420627,0.452323,0.474225,0.488127,0.492676,0.492262,0.484071,0.47253,0.451056,0.438798,0.418563,0.402465,0.38884,0.372276,0.36394,0.35532,0.353821
0.257959,0.211916,0.169366,0.12593,0.0865529,0.0511629,0.0172994,-0.017825,-0.0523202,-0.0858577,-0.122664,-0.155936,-0.188031,-0.213571,-0.227244,-0.232196,-0.222794,-0.200158,-0.162419,-0.120832,-0.0720111,-0.021994,0.0279273,0.0704568,0.108936,0.145254,0.175651,0.209088,0.243288,0.283275,0.32324,0.365337,0.411906,0.455861,0.491947,0.5226,0.541662,0.55161,0.552116,0.546367,0.532643,0.514487,0.49375,0.470321,0.442304,0.417668,0.393951,0.373535,0.357289,0.345966
0.287265,0.250101,0.214185,0.177887,0.146238,0.115209,0.080281,0.0470357,0.0103567,-0.027131,-0.0670383,-0.108927,-0.146662,-0.176847,-0.202185,-0.211291,-0.202515,-0.185597,-0.151716,-0.111949,-0.0654834,-0.018781,0.0280721,0.0672179,0.105219,0.137976,0.169578,0.202456,0.238937,0.281879,0.330721,0.381283,0.430212,0.484185,0.527034,0.561509,0.588467,0.601821,0.607598,0.600693,0.585917,0.564641,0.538955,0.508653,0.472916,0.440759,0.405423,0.372937,0.347972,0.327719
0.305265,0.28182,0.2547,0.225995,0.198294,0.170804,0.140685,0.105943,0.0676468,0.0270228,-0.015597,-0.0628534,-0.103728,-0.140987,-0.167056,-0.179662,-0.179841,-0.165127,-0.137142,-0.0979523,-0.0545062,-0.011894,0.0305266,0.0670574,0.10041,0.12887,0.159172,0.192128,0.230863,0.276862,0.33222,0.387258,0.443744,0.501238,0.551294,0.590476,0.621726,0.638037,0.642574,0.637264,0.625059,0.600542,0.568983,0.533903,0.492986,0.448745,0.40165,0.361585,0.322662,0.296482
0.321894,0.307569,0.28788,0.267011,0.245703,0.220233,0.193012,0.158211,0.120014,0.0773768,0.0315834,-0.0140433,-0.061379,-0.100451,-0.129506,-0.146213,-0.147046,-0.136578,-0.109614,-0.0780551,-0.0398856,-0.00145681,0.0332447,0.0657122,0.0909782,0.118687,0.147061,0.178926,0.218797,0.267909,0.32334,0.385712,0.445501,0.507815,0.561216,0.603336,0.636051,0.656815,0.664907,0.659561,0.644684,0.617828,0.585111,0.545488,0.493774,0.44138,0.387911,0.335507,0.290138,0.254396
