x,y,z,tau1_x,tau1_y,tau1_z,tau2_x,tau2_y,tau2_z,normal_x,normal_y,normal_z
-1.5,-1.5,3.4756e-05,0.999986,0,-0.00536269,-0.000407308,0.997111,-0.0759511,0.0053472,0.0759522,0.997097
-1.45714,-1.5,-0.000577625,0.996941,0,0.0781557,-0.00227012,0.999578,0.0289573,-0.0781227,-0.0290462,0.996521
-1.41429,-1.5,0.000951868,0.99698,0,0.0776544,-0.00184059,0.999719,0.0236307,-0.0776326,-0.0237023,0.9967
-1.37143,-1.5,0.000560285,0.999979,0,0.00651404,0.000226496,0.999395,-0.0347697,-0.0065101,0.0347704,0.999374
-1.32857,-1.5,-0.00123046,0.99888,0,-0.0473119,-0.00188416,0.999207,-0.0397796,0.0472744,0.0398242,0.998088
-1.28571,-1.5,-0.00231219,0.999911,0,-0.0133649,-6.76554e-05,0.999987,-0.00506172,0.0133647,0.00506217,0.999898
-1.24286,-1.5,-0.00119147,0.996816,0,0.0797352,-0.00498805,0.998041,0.0623586,-0.079579,-0.0625577,0.994864
-1.2,-1.5,0.00355052,0.982012,0,0.188819,-0.0300099,0.987289,0.156076,-0.186419,-0.158935,0.96953
-1.15714,-1.5,0.0133326,0.962192,0,0.272371,-0.0750924,0.961244,0.265275,-0.261815,-0.275699,0.924902
-1.11429,-1.5,0.0295735,0.954629,0,0.297799,-0.120899,0.913884,0.387556,-0.272154,-0.405975,0.87242
-1.07143,-1.5,0.0533164,0.972032,0,0.234849,-0.119941,0.859749,0.496432,-0.201911,-0.510716,0.835704
-1.02857,-1.5,0.0761781,0.993684,0,0.112211,-0.039904,0.934633,0.353369,-0.104876,-0.355615,0.92873
-0.985714,-1.5,0.0798923,0.998812,0,0.0487249,0.0132286,0.962439,-0.271174,-0.0468947,0.271496,0.961296
-0.942857,-1.5,0.0492949,0.988014,0,0.154364,0.109563,0.704431,-0.701265,-0.108739,0.709773,0.695988
-0.9,-1.5,0.00815358,0.950332,0,0.311238,0.174617,0.827788,-0.533176,-0.257639,0.561041,0.786673
-0.857143,-1.5,-0.00425616,0.946012,0,0.324132,-0.0112155,0.999401,0.0327336,-0.323938,-0.0346017,0.945445
-0.814286,-1.5,0.00180261,0.995244,0,0.0974142,-0.0129844,0.991077,0.132657,-0.0965449,-0.133291,0.986363
-0.771429,-1.5,0.00307114,0.927804,0,-0.373067,-0.0151433,0.999176,-0.0376609,0.372759,0.0405914,0.92704
-0.728571,-1.5,0.000872481,0.762344,0,-0.647172,-0.0158799,0.999699,-0.0187059,0.646977,0.0245374,0.762115
-0.685714,-1.5,0.000525958,0.705119,0,-0.709089,0.00545706,0.99997,0.00542651,0.709068,-0.00769588,0.705098
-0.642857,-1.5,0.00136995,0.730655,0,-0.682747,0.011652,0.999854,0.0124697,0.682647,-0.0170664,0.730549
-0.6,-1.5,0.00209027,0.80762,0,-0.589704,0.00244932,0.999991,0.00335442,0.589699,-0.00415347,0.807613
-0.557143,-1.5,0.0016846,0.901794,0,-0.432167,-0.00827761,0.999817,-0.0172727,0.432088,0.0191537,0.901628
-0.514286,-1.5,0.000513766,0.974368,0,-0.224961,-0.00669223,0.999557,-0.0289858,0.224862,0.0297483,0.973936
-0.471429,-1.5,-0.000689118,0.999706,0,-0.0242674,-0.000551516,0.999742,-0.0227199,0.0242612,0.0227266,0.999447
-0.428571,-1.5,-0.00119093,0.994895,0,0.100913,-0.000218105,0.999998,0.00215028,-0.100913,-0.00216131,0.994893
-0.385714,-1.5,-0.000258783,0.994314,0,0.106485,-0.00464815,0.999047,0.0434025,-0.106384,-0.0436507,0.993367
-0.342857,-1.5,0.00194706,0.99995,0,-0.00998245,0.000446752,0.998998,0.0447515,0.00997245,-0.0447537,0.998948
-0.3,-1.5,0.00237174,0.991108,0,-0.13306,-0.00483347,0.99934,-0.0360024,0.132972,0.0363254,0.990454
-0.257143,-1.5,-0.000589276,0.985162,0,-0.171625,-0.0145394,0.996405,-0.0834592,0.171008,0.0847162,0.981621
-0.214286,-1.5,-0.00372248,0.988661,0,-0.150162,-0.00663128,0.999024,-0.0436601,0.150016,0.0441608,0.987697
-0.171429,-1.5,-0.00329721,0.994372,0,-0.105946,0.0070081,0.99781,0.0657753,0.105714,-0.0661476,0.992194
-0.128571,-1.5,0.00156253,0.995905,0,-0.0904043,0.0137358,0.98839,0.151315,0.0893547,-0.151937,0.984343
-0.0857143,-1.5,0.00943889,0.986203,0,-0.165539,0.033179,0.979708,0.197665,0.16218,-0.20043,0.966191
-0.0428571,-1.5,0.0188491,0.92804,0,-0.372479,0.0764256,0.978724,0.190416,0.364555,-0.205181,0.908296
0,-1.5,0.0279401,0.788353,0,-0.615223,0.0887581,0.989538,0.113736,0.608787,-0.14427,0.780106
0.0428571,-1.5,0.033551,0.696216,0,-0.717833,0.0316999,0.999024,0.0307453,0.717133,-0.0441606,0.695536
0.0857143,-1.5,0.032241,0.772529,0,-0.63498,-0.0657372,0.994627,-0.0799772,0.631568,0.103526,0.768378
0.128571,-1.5,0.0237286,0.999928,0,-0.0119731,-0.00266492,0.974915,-0.222559,0.0116728,0.222575,0.974846
0.171429,-1.5,0.0156018,0.684154,0,0.729338,0.0580644,0.996826,-0.0544672,-0.727023,0.0796125,0.681982
0.214286,-1.5,0.0164351,0.445447,0,0.895308,-0.0641737,0.997428,0.0319287,-0.893005,-0.0716778,0.444301
0.257143,-1.5,0.0260656,0.36566,0,0.930748,-0.0812703,0.996181,0.0319284,-0.927194,-0.0873171,0.364264
0.3,-1.5,0.0328342,0.363035,0,0.931775,-0.0093949,0.999949,0.00366041,-0.931728,-0.0100828,0.363017
0.342857,-1.5,0.0246639,0.449113,0,0.893475,0.160689,0.983694,-0.0807719,-0.878907,0.179848,0.44179
0.385714,-1.5,0.00558742,0.646409,0,0.762991,0.179849,0.971822,-0.152369,-0.741491,0.235715,0.628195
0.428571,-1.5,-0.00251271,0.741501,0,0.670952,0.0193795,0.999583,-0.0214172,-0.670672,0.0288836,0.741192
0.471429,-1.5,-0.000734065,0.785029,0,0.619459,-0.0489396,0.996874,0.0620201,-0.617523,-0.0790037,0.782575
0.514286,-1.5,0.00439598,0.844409,0,0.535698,-0.0531628,0.995064,0.0837993,-0.533054,-0.0992402,0.840241
0.557143,-1.5,0.00764619,0.907252,0,0.420588,-0.00504709,0.999928,0.0108871,-0.420558,-0.0120001,0.907186
0.6,-1.5,0.00427958,0.958032,0,0.286662,0.0433701,0.988489,-0.144944,-0.283362,0.151294,0.947004
0.642857,-1.5,-0.00411818,0.987586,0,0.15708,0.0316952,0.979431,-0.199272,-0.15385,0.201777,0.967273
0.685714,-1.5,-0.0115838,0.998352,0,0.0573894,0.00661661,0.993332,-0.115103,-0.0570067,0.115293,0.991694
0.728571,-1.5,-0.0120662,0.999961,0,0.00883148,-0.00102863,0.993194,0.116468,-0.00877137,-0.116473,0.993155
0.771429,-1.5,0.000395436,0.999632,0,0.0271407,-0.011591,0.904218,0.426914,-0.0245411,-0.427072,0.903885
0.814286,-1.5,0.0259276,0.994129,0,0.108197,-0.0606009,0.828427,0.556809,-0.0896333,-0.560097,0.823563
0.857143,-1.5,0.0553524,0.976207,0,0.21684,-0.116704,0.842814,0.5254,-0.182756,-0.538205,0.822761
0.9,-1.5,0.0786607,0.948852,0,0.31572,-0.110718,0.936494,0.332747,-0.29567,-0.350683,0.888595
0.942857,-1.5,0.0859535,0.926327,0,0.376721,0.0260285,0.99761,-0.064002,-0.37582,0.0690922,0.924113
0.985714,-1.5,0.074269,0.919427,0,0.39326,0.146254,0.928273,-0.341935,-0.365053,0.3719,0.853479
1.02857,-1.5,0.0515834,0.926017,0,0.377482,0.18055,0.878197,-0.442913,-0.331504,0.478299,0.813225
1.07143,-1.5,0.0268357,0.940683,0,0.339287,0.151837,0.894275,-0.420972,-0.303416,0.447517,0.84123
1.11429,-1.5,0.00896483,0.957539,0,0.288305,0.0714704,0.968786,-0.237372,-0.279306,0.247898,0.92765
1.15714,-1.5,0.00690922,0.971697,0,0.236232,-0.0462391,0.980657,0.190196,-0.231662,-0.195736,0.952901
1.2,-1.5,0.0253278,0.976865,0,0.213856,-0.108529,0.861659,0.495746,-0.184271,-0.507487,0.841725
1.24286,-1.5,0.054198,0.951824,0,0.306646,-0.16887,0.834702,0.52417,-0.255958,-0.550701,0.79449
1.28571,-1.5,0.0803513,0.834732,0,0.550656,-0.203377,0.929296,0.308297,-0.511723,-0.369336,0.775713
1.32857,-1.5,0.091018,0.604408,0,0.796675,-0.00389394,0.999988,0.00295418,-0.796666,-0.00488773,0.6044
1.37143,-1.5,0.0827639,0.463514,0,0.88609,0.149129,0.985736,-0.0780092,-0.87345,0.1683,0.456902
1.41429,-1.5,0.0616118,0.525045,0,0.851074,0.252214,0.95508,-0.155596,-0.812844,0.296347,0.50146
1.45714,-1.5,0.0347116,0.845557,0,0.533886,0.252135,0.881457,-0.399326,-0.470597,0.472264,0.745322
1.5,-1.5,0.00993437,0.98581,0,0.167866,0.0732442,0.899789,-0.430134,-0.151044,0.436326,0.887021
-1.5,-1.45714,-6.8415e-05,1,0,-2.00829e-05,-5.91356e-07,0.999566,-0.0294457,2.00742e-05,0.0294457,0.999566
-1.45714,-1.45714,0.000618389,0.999934,0,-0.0114521,0.00049337,0.999072,0.0430783,0.0114415,-0.0430812,0.999006
-1.41429,-1.45714,0.00205204,0.999883,0,-0.0153274,8.26719e-05,0.999985,0.0053931,0.0153272,-0.00539374,0.999868
-1.37143,-1.45714,0.000402018,0.99994,0,-0.0109978,-0.000734082,0.99777,-0.066744,0.0109733,0.066748,0.99771
-1.32857,-1.45714,-0.00212734,1,0,0.000971336,3.41808e-05,0.999381,-0.0351895,-0.000970734,0.0351895,0.99938
-1.28571,-1.45714,-0.00218739,0.999879,0,0.015582,-0.000522985,0.999437,0.0335594,-0.0155732,-0.0335635,0.999315
-1.24286,-1.45714,0.000852447,0.999802,0,0.0198967,-0.00216435,0.994066,0.108758,-0.0197786,-0.108779,0.993869
-1.2,-1.45714,0.00729501,1,0,2.84471e-05,-5.37411e-06,0.981993,0.188916,-2.79348e-05,-0.188916,0.981993
-1.15714,-1.45714,0.0174431,0.998327,0,-0.057829,0.0156906,0.962487,0.270874,0.0556596,-0.271328,0.960876
-1.11429,-1.45714,0.0315996,0.986203,0,-0.16554,0.0580165,0.936574,0.345634,0.15504,-0.350469,0.923653
-1.07143,-1.45714,0.0498223,0.946566,0,-0.322509,0.125903,0.920652,0.369525,0.296919,-0.390384,0.871458
-1.02857,-1.45714,0.0660217,0.889491,0,-0.456953,0.102238,0.974649,0.199014,0.445369,-0.223739,0.866941
-0.985714,-1.45714,0.0676636,0.877399,0,-0.479761,-0.0954545,0.980007,-0.17457,0.47017,0.198963,0.859857
-0.942857,-1.45714,0.0443837,0.950751,0,-0.309956,-0.182671,0.80788,-0.560322,0.250407,0.589347,0.768093
-0.9,-1.45714,0.0128153,0.998046,0,-0.0624778,-0.0311255,0.86707,-0.497212,0.0541727,0.498185,0.865377
-0.857143,-1.45714,0.000398752,0.997268,0,-0.0738722,-0.00506735,0.997645,-0.0684087,0.0736982,0.0685961,0.994919
-0.814286,-1.45714,0.000538492,0.992057,0,-0.12579,0.000120528,1,0.000950563,0.12579,-0.000958173,0.992056
-0.771429,-1.45714,-0.00225559,0.995266,0,0.0971899,0.0102486,0.994425,-0.10495,-0.0966481,0.105449,0.989717
-0.728571,-1.45714,-0.00642313,0.938819,0,0.344412,0.0217895,0.997997,-0.059395,-0.343722,0.0632657,0.936938
-0.685714,-1.45714,-0.00790092,0.914436,0,0.404731,0.00210881,0.999986,-0.00476458,-0.404725,0.0052104,0.914423
-0.642857,-1.45714,-0.00727653,0.935746,0,0.352674,-0.0100869,0.999591,0.0267635,-0.35253,-0.0286012,0.935363
-0.6,-1.45714,-0.00564497,0.969364,0,0.245629,-0.00982659,0.999199,0.0387802,-0.245433,-0.0400058,0.968588
-0.557143,-1.45714,-0.00393826,0.989938,0,0.141503,-0.00535211,0.999284,0.0374427,-0.141402,-0.0378233,0.989229
-0.514286,-1.45714,-0.00237605,0.998188,0,0.0601801,-0.00207546,0.999405,0.034425,-0.0601443,-0.0344875,0.997594
-0.471429,-1.45714,-0.000983422,0.999988,0,0.00486937,-0.000147575,0.999541,0.0303064,-0.00486713,-0.0303067,0.999529
-0.428571,-1.45714,0.000214532,0.999715,0,-0.0238786,0.000608199,0.999676,0.0254632,0.0238709,-0.0254704,0.999391
-0.385714,-1.45714,0.00119265,0.999648,0,-0.0265338,0.000530056,0.9998,0.0199696,0.0265285,-0.0199766,0.999448
-0.342857,-1.45714,0.00164525,0.999976,0,-0.00685907,-2.96179e-05,0.999991,-0.00431796,0.006859,0.00431806,0.999967
-0.3,-1.45714,0.000359477,0.999778,0,0.0210566,0.00125402,0.998225,-0.0595415,-0.0210192,0.0595547,0.998004
-0.257143,-1.45714,-0.00287121,0.999074,0,0.0430241,0.00340085,0.996871,-0.0789719,-0.0428895,0.0790451,0.995948
-0.214286,-1.45714,-0.0054384,0.99876,0,0.049779,0.00142682,0.999589,-0.0286277,-0.0497585,0.0286632,0.99835
-0.171429,-1.45714,-0.00449985,0.999428,0,0.0338129,-0.00241278,0.997451,0.0713159,-0.0337267,-0.0713567,0.99688
-0.128571,-1.45714,2.74208e-05,0.999991,0,0.00423511,-0.000550711,0.991509,0.130033,-0.00419916,-0.130034,0.991501
-0.0857143,-1.45714,0.00600921,0.999867,0,-0.0162869,0.00224927,0.990418,0.138085,0.0161309,-0.138103,0.990287
-0.0428571,-1.45714,0.0112487,0.999989,0,-0.00469884,0.000451837,0.995366,0.0961583,0.00467706,-0.0961594,0.995355
0,-1.45714,0.0145049,0.998401,0,0.0565226,-0.00374685,0.9978,0.0661834,-0.0563983,-0.0662894,0.996205
0.0428571,-1.45714,0.0179118,0.98649,0,0.163823,-0.0166623,0.994814,0.100335,-0.162974,-0.101709,0.981374
0.0857143,-1.45714,0.0243458,0.953023,0,0.302898,-0.0586351,0.981084,0.184487,-0.297168,-0.19358,0.934996
0.128571,-1.45714,0.0359487,0.895131,0,0.445804,-0.127894,0.957965,0.256798,-0.427064,-0.286883,0.857504
0.171429,-1.45714,0.0530326,0.829692,0,0.558222,-0.200108,0.933539,0.297423,-0.521122,-0.358475,0.77455
0.214286,-1.45714,0.0754742,0.778851,0,0.627208,-0.252379,0.915471,0.313398,-0.574191,-0.402384,0.713016
0.257143,-1.45714,0.0969436,0.757495,0,0.652841,-0.18016,0.961168,0.20904,-0.62749,-0.275963,0.72808
0.3,-1.45714,0.102945,0.775939,0,0.630809,0.0765239,0.992615,-0.0941298,-0.62615,0.121311,0.770208
0.342857,-1.45714,0.0790548,0.845303,0,0.534287,0.330011,0.78644,-0.522116,-0.420185,0.617667,0.66478
0.385714,-1.45714,0.0386125,0.926152,0,0.37715,0.214647,0.822249,-0.527099,-0.310111,0.569128,0.761528
0.428571,-1.45714,0.0228472,0.953379,0,0.301777,0.0351196,0.993205,-0.11095,-0.299726,0.116376,0.946901
0.471429,-1.45714,0.0194689,0.980224,0,0.197892,0.00974202,0.998788,-0.0482555,-0.197652,0.0492291,0.979035
0.514286,-1.45714,0.0175562,0.999138,0,0.0415006,0.00208479,0.998737,-0.0501919,-0.0414482,0.0502352,0.997877
0.557143,-1.45714,0.0141794,0.995947,0,-0.0899409,-0.0105511,0.993095,-0.116836,0.0893199,0.117312,0.98907
0.6,-1.45714,0.00675291,0.992242,0,-0.124321,-0.0263041,0.97736,-0.209939,0.121507,0.211581,0.969778
0.642857,-1.45714,-0.00298225,0.997484,0,-0.0708961,-0.01503,0.97727,-0.211467,0.0692846,0.212,0.97481
0.685714,-1.45714,-0.0102891,0.999927,0,0.0120725,0.00125888,0.994548,-0.104269,-0.0120067,0.104276,0.994476
0.728571,-1.45714,-0.0103709,0.998032,0,0.0626992,-0.00743709,0.99294,0.118382,-0.0622566,-0.118615,0.990987
0.771429,-1.45714,0.001492,0.999789,0,0.0205644,-0.00827118,0.915548,0.402124,-0.0188277,-0.402209,0.915354
0.814286,-1.45714,0.0250055,0.991866,0,-0.12729,0.066903,0.850734,0.521321,0.10829,-0.525596,0.843814
0.857143,-1.45714,0.0518807,0.951691,0,-0.307059,0.151547,0.869721,0.469701,0.267056,-0.493543,0.827705
0.9,-1.45714,0.073114,0.896413,0,-0.443219,0.13598,0.951774,0.275019,0.421845,-0.3068,0.853183
0.942857,-1.45714,0.0798025,0.866382,0,-0.499381,-0.0283512,0.998387,-0.0491869,0.498576,0.0567727,0.864985
0.985714,-1.45714,0.0693662,0.879743,0,-0.47545,-0.154031,0.946067,-0.28501,0.449807,0.32397,0.832296
1.02857,-1.45714,0.0491939,0.921879,0,-0.387478,-0.16749,0.90175,-0.398489,0.349408,0.432257,0.831305
1.07143,-1.45714,0.0275524,0.968945,0,-0.247276,-0.100268,0.914099,-0.392899,0.226034,0.405492,0.885712
1.11429,-1.45714,0.0127082,0.996466,0,-0.0839969,-0.0166355,0.980192,-0.197349,0.0823331,0.198049,0.976728
1.15714,-1.45714,0.0129275,0.998587,0,0.0531441,-0.0126115,0.971434,0.236973,-0.051626,-0.237308,0.970062
1.2,-1.45714,0.0331123,0.990113,0,0.140269,-0.0768853,0.836394,0.542709,-0.11732,-0.548128,0.828125
1.24286,-1.45714,0.0666237,0.971037,0,0.238927,-0.153831,0.765161,0.625192,-0.182818,-0.643839,0.743
1.28571,-1.45714,0.10435,0.91238,0,0.409344,-0.25243,0.787221,0.562638,-0.322244,-0.61667,0.718245
1.32857,-1.45714,0.136894,0.773322,0,0.634014,-0.266079,0.907675,0.324544,-0.575478,-0.419675,0.701925
1.37143,-1.45714,0.148204,0.655685,0,0.755034,0.0787101,0.994551,-0.0683532,-0.75092,0.104247,0.652113
1.41429,-1.45714,0.11698,0.714652,0,0.69948,0.465266,0.746701,-0.475358,-0.522302,0.66516,0.533631
1.45714,-1.45714,0.0566016,0.927083,0,0.374856,0.294923,0.617252,-0.729397,-0.23138,0.786765,0.572244
1.5,-1.45714,0.0159588,0.992887,0,0.119065,0.0366136,0.951545,-0.305323,-0.113295,0.307511,0.944776
-1.5,-1.41429,-1.56685e-05,0.999998,0,0.00191338,0.000132691,0.997592,-0.0693489,-0.00190878,0.069349,0.997591
-1.45714,-1.41429,-0.000605417,0.999404,0,-0.0345089,0.000847685,0.999698,0.0245496,0.0344985,-0.0245643,0.999103
-1.41429,-1.41429,0.000599563,0.999151,0,-0.0411992,0.000586015,0.999899,0.0142119,0.041195,-0.014224,0.99905
-1.37143,-1.41429,-0.000133742,0.999938,0,-0.0111015,-0.000419197,0.999287,-0.0377582,0.0110936,0.0377605,0.999225
-1.32857,-1.41429,-0.00153629,0.999757,0,0.0220661,0.000362833,0.999865,-0.016439,-0.0220631,0.016443,0.999621
-1.28571,-1.41429,-0.00128554,0.999738,0,0.0228902,-0.000647159,0.9996,0.0282649,-0.022881,-0.0282724,0.999338
-1.24286,-1.41429,0.000900676,0.999914,0,-0.0131411,0.000968047,0.997283,0.0736592,0.0131054,-0.0736656,0.997197
-1.2,-1.41429,0.00505842,0.996251,0,-0.0865133,0.0102945,0.992895,0.118547,0.0858987,-0.118993,0.989172
-1.15714,-1.41429,0.0112237,0.980771,0,-0.195163,0.0316481,0.986764,0.159044,0.19258,-0.162162,0.967789
-1.11429,-1.41429,0.0194327,0.943744,0,-0.330677,0.0659513,0.979909,0.188224,0.324033,-0.199444,0.924784
-1.07143,-1.41429,0.0295938,0.880151,0,-0.474693,0.100483,0.977339,0.18631,0.463936,-0.21168,0.860206
-1.02857,-1.41429,0.0384155,0.818691,0,-0.574234,0.0649907,0.993575,0.0926578,0.570544,-0.113178,0.813431
-0.985714,-1.41429,0.0392514,0.81675,0,-0.576991,-0.0593421,0.994697,-0.0840007,0.573931,0.102847,0.812419
-0.942857,-1.41429,0.0264434,0.91131,0,-0.411721,-0.151358,0.929975,-0.335018,0.382891,0.367622,0.847496
-0.9,-1.41429,0.00684693,0.986088,0,-0.166224,-0.0640804,0.922705,-0.380143,0.153376,0.385506,0.909869
-0.857143,-1.41429,-0.00620603,0.983696,0,-0.179842,-0.0295866,0.986375,-0.161832,0.177391,0.164515,0.970292
-0.814286,-1.41429,-0.00648785,0.985689,0,-0.168576,0.0279125,0.986197,0.163208,0.166249,-0.165578,0.972083
-0.771429,-1.41429,0.00665303,0.967298,0,0.253645,-0.0868888,0.939495,0.331359,-0.238298,-0.342562,0.908772
-0.728571,-1.41429,0.0201798,0.80653,0,0.591193,-0.0950644,0.986987,0.129691,-0.583499,-0.160801,0.796035
-0.685714,-1.41429,0.0239111,0.753628,0,0.657301,0.00606081,0.999957,-0.00694902,-0.657273,0.00922076,0.753596
-0.642857,-1.41429,0.0204717,0.794633,0,0.60709,0.0636298,0.994492,-0.0832865,-0.603746,0.104811,0.790257
-0.6,-1.41429,0.0138835,0.879121,0,0.476598,0.0660502,0.99035,-0.121834,-0.471999,0.138587,0.870638
-0.557143,-1.41429,0.00760339,0.951931,0,0.306312,0.0383714,0.992123,-0.119247,-0.3039,0.125269,0.944433
-0.514286,-1.41429,0.00261869,0.990737,0,0.135797,0.0132244,0.995247,-0.0964818,-0.135151,0.0973839,0.986028
-0.471429,-1.41429,-0.000757822,1,0,-1.23965e-05,-7.12732e-07,0.998346,-0.0574948,1.2376e-05,0.0574948,0.998346
-0.428571,-1.41429,-0.00221334,0.997014,0,-0.0772266,-0.000701996,0.999959,-0.00906293,0.0772234,0.00909008,0.996972
-0.385714,-1.41429,-0.00143528,0.99655,0,-0.0829891,0.00383665,0.998931,0.0460713,0.0829004,-0.0462308,0.995485
-0.342857,-1.41429,0.00112277,0.999794,0,-0.0202766,0.00120464,0.998234,0.0593982,0.0202407,-0.0594104,0.998028
-0.3,-1.41429,0.00252383,0.998166,0,0.0605438,0.000333043,0.999985,-0.00549076,-0.0605429,0.00550085,0.99815
-0.257143,-1.41429,0.000988623,0.993742,0,0.111703,0.00615868,0.998479,-0.0547895,-0.111533,0.0551345,0.99223
-0.214286,-1.41429,-0.00133335,0.992905,0,0.118911,0.0049812,0.999122,-0.041593,-0.118807,0.0418902,0.992033
-0.171429,-1.41429,-0.00181937,0.997224,0,0.0744588,-0.00172285,0.999732,0.0230741,-0.0744388,-0.0231383,0.996957
-0.128571,-1.41429,0.000648201,0.999952,0,0.00983178,-0.000895384,0.995844,0.0910659,-0.00979093,-0.0910703,0.995796
-0.0857143,-1.41429,0.00597763,0.999957,0,-0.00927664,0.00143662,0.987936,0.154858,0.00916473,-0.154864,0.987893
-0.0428571,-1.41429,0.014043,0.996513,0,0.0834332,-0.0177978,0.976983,0.212574,-0.0815128,-0.213318,0.973577
0,-1.41429,0.0244956,0.954392,0,0.298555,-0.0728396,0.969782,0.232846,-0.289534,-0.243973,0.925552
0.0428571,-1.41429,0.036201,0.875371,0,0.483452,-0.114146,0.971727,0.20668,-0.469784,-0.236105,0.850622
0.0857143,-1.41429,0.047854,0.840915,0,0.541168,-0.116543,0.976536,0.181094,-0.52847,-0.215354,0.821184
0.128571,-1.41429,0.0591985,0.893445,0,0.449174,-0.108233,0.970535,0.215284,-0.435939,-0.24096,0.867119
0.171429,-1.41429,0.0725919,0.97412,0,0.226033,-0.0744039,0.94427,0.320654,-0.213436,-0.329173,0.919832
0.214286,-1.41429,0.090608,0.99924,0,-0.038978,0.0165594,0.905269,0.424517,0.0352856,-0.42484,0.904581
0.257143,-1.41429,0.108474,0.975786,0,-0.21873,0.0624671,0.958352,0.278675,0.20962,-0.28559,0.935146
0.3,-1.41429,0.111753,0.959349,0,-0.282222,-0.0560208,0.980101,-0.19043,0.276607,0.198499,0.940259
0.342857,-1.41429,0.0859764,0.97544,0,-0.220264,-0.150857,0.728643,-0.668073,0.160494,0.684894,0.710748
0.385714,-1.41429,0.0444697,0.996195,0,-0.0871521,-0.0527134,0.796344,-0.602542,0.0694031,0.604844,0.793314
0.428571,-1.41429,0.0278699,0.999024,0,-0.0441696,-0.00728839,0.986292,-0.164848,0.0435642,0.165009,0.985329
0.471429,-1.41429,0.0206994,0.995396,0,-0.0958435,-0.0161173,0.985759,-0.167389,0.0944786,0.168163,0.981221
0.514286,-1.41429,0.0132533,0.984091,0,-0.177666,-0.0301783,0.985468,-0.167158,0.175084,0.16986,0.96979
0.557143,-1.41429,0.0057679,0.973732,0,-0.227695,-0.03787,0.986072,-0.16195,0.224524,0.166319,0.96017
0.6,-1.41429,-0.00144525,0.980809,0,-0.194969,-0.0299004,0.98817,-0.150417,0.192662,0.15336,0.969207
0.642857,-1.41429,-0.00721292,0.99585,0,-0.0910073,-0.00937504,0.99468,-0.102587,0.0905231,0.103014,0.990552
0.685714,-1.41429,-0.00976535,0.999769,0,0.0215071,0.000176055,0.999966,-0.00818401,-0.0215064,0.0081859,0.999735
0.728571,-1.41429,-0.00732085,0.997414,0,0.0718671,-0.00918481,0.9918,0.127472,-0.0712778,-0.127803,0.989235
0.771429,-1.41429,0.00186246,0.999977,0,-0.00673422,0.00193214,0.957957,0.286907,0.00645109,-0.286913,0.957935
0.814286,-1.41429,0.0169445,0.975752,0,-0.218877,0.0767281,0.936543,0.342053,0.204988,-0.350553,0.913834
0.857143,-1.41429,0.032968,0.89498,0,-0.446106,0.131071,0.955864,0.262954,0.426417,-0.29381,0.855479
0.9,-1.41429,0.0446076,0.804336,0,-0.594175,0.0846859,0.989791,0.11464,0.588109,-0.142527,0.796125
0.942857,-1.41429,0.0466047,0.759871,0,-0.650073,-0.0469832,0.997385,-0.0549187,0.648373,0.0722737,0.757884
0.985714,-1.41429,0.0378953,0.776259,0,-0.630414,-0.137193,0.976033,-0.168932,0.615305,0.217623,0.757654
1.02857,-1.41429,0.0240285,0.836437,0,-0.548063,-0.1483,0.962695,-0.226331,0.527618,0.270589,0.805234
1.07143,-1.41429,0.0111358,0.915695,0,-0.401874,-0.0868691,0.976358,-0.197937,0.392373,0.21616,0.894046
1.11429,-1.41429,0.00534853,0.977245,0,-0.212113,-0.000922542,0.999991,-0.00425033,0.212111,0.0043493,0.977236
1.15714,-1.41429,0.0127978,0.999043,0,-0.0437452,0.0153673,0.936266,0.350956,0.0409571,-0.351292,0.93537
1.2,-1.41429,0.0372408,0.998835,0,0.0482539,-0.0287134,0.80369,0.594355,-0.0387812,-0.595048,0.802754
1.24286,-1.41429,0.0742901,0.995031,0,0.0995678,-0.0689191,0.721722,0.688743,-0.0718603,-0.692183,0.718136
1.28571,-1.41429,0.117813,0.986174,0,0.165714,-0.118837,0.696948,0.707207,-0.115494,-0.717122,0.687312
1.32857,-1.41429,0.16104,0.956769,0,0.29085,-0.188541,0.761434,0.620217,-0.221463,-0.648242,0.728517
1.37143,-1.41429,0.182266,0.912803,0,0.4084,0.016718,0.999162,-0.0373659,-0.408058,0.0409353,0.912038
1.41429,-1.41429,0.146868,0.918044,0,0.396478,0.324225,0.575556,-0.750742,-0.228195,0.817763,0.528386
1.45714,-1.41429,0.0705873,0.967222,0,0.253932,0.218314,0.510746,-0.831552,-0.129695,0.859732,0.494004
1.5,-1.41429,0.0209894,0.992411,0,0.122961,0.0353526,0.957778,-0.285328,-0.11777,0.28751,0.95051
-1.5,-1.37143,4.71434e-05,1,0,0.000530169,4.59491e-05,0.996237,-0.0866689,-0.000528174,0.0866689,0.996237
-1.45714,-1.37143,-0.00139322,0.999975,0,0.00706858,-4.62535e-05,0.999979,0.00654337,-0.00706843,-0.00654353,0.999954
-1.41429,-1.37143,-0.00052641,0.999998,0,-0.00188394,3.89367e-05,0.999786,0.0206677,0.00188354,-0.0206677,0.999785
-1.37143,-1.37143,-0.000302726,0.999985,0,0.00554449,3.52594e-05,0.99998,-0.00635927,-0.00554438,0.00635937,0.999964
-1.32857,-1.37143,-0.000622875,0.999863,0,0.016549,6.60589e-05,0.999992,-0.00399116,-0.0165489,0.00399171,0.999855
-1.28571,-1.37143,-0.000532162,0.999957,0,0.00922225,-7.74175e-05,0.999965,0.00839429,-0.00922193,-0.00839464,0.999922
-1.24286,-1.37143,0.000111267,0.999809,0,-0.0195235,0.000425452,0.999763,0.0217876,0.0195189,-0.0217918,0.999572
-1.2,-1.37143,0.00135105,0.997523,0,-0.0703386,0.00254006,0.999348,0.0360224,0.0702928,-0.0361119,0.996873
-1.15714,-1.37143,0.00323083,0.989713,0,-0.143064,0.00730615,0.998695,0.0505439,0.142877,-0.0510692,0.988422
-1.11429,-1.37143,0.00579423,0.971843,0,-0.235627,0.0155667,0.997815,0.0642049,0.235113,-0.066065,0.96972
-1.07143,-1.37143,0.00905041,0.939915,0,-0.34141,0.0257887,0.997143,0.0709972,0.340434,-0.0755358,0.937229
-1.02857,-1.37143,0.0121431,0.908267,0,-0.418392,0.0215193,0.998676,0.0467152,0.417838,-0.0514334,0.907064
-0.985714,-1.37143,0.0133085,0.914976,0,-0.403508,-0.00344906,0.999963,-0.00782094,0.403493,0.0085477,0.914943
-0.942857,-1.37143,0.0107248,0.974422,0,-0.224726,-0.0259087,0.993332,-0.112341,0.223228,0.11529,0.967924
-0.9,-1.37143,0.00240263,0.999999,0,0.00132634,0.000354535,0.963612,-0.267303,-0.00127808,0.267303,0.963612
-0.857143,-1.37143,-0.0108968,0.999971,0,0.00761012,0.00188234,0.968927,-0.24734,-0.00737365,0.247347,0.968899
-0.814286,-1.37143,-0.0115569,0.999206,0,-0.0398448,0.012032,0.953317,0.301731,0.0379847,-0.301971,0.95256
-0.771429,-1.37143,0.0154552,0.995043,0,0.0994427,-0.0618327,0.783182,0.618711,-0.0778817,-0.621793,0.7793
-0.728571,-1.37143,0.0443287,0.965134,0,0.261755,-0.101009,0.922545,0.372436,-0.241481,-0.38589,0.89038
-0.685714,-1.37143,0.0523787,0.955287,0,0.295681,0.00692549,0.999726,-0.0223749,-0.2956,0.0234221,0.955025
-0.642857,-1.37143,0.0450729,0.969831,0,0.243776,0.064565,0.964289,-0.256863,-0.235071,0.264853,0.935198
-0.6,-1.37143,0.0309503,0.988179,0,0.153305,0.0491658,0.947178,-0.316916,-0.145207,0.320707,0.935982
-0.557143,-1.37143,0.0173456,0.997541,0,0.0700806,0.0194564,0.960688,-0.276947,-0.0673256,0.277629,0.958326
-0.514286,-1.37143,0.00632986,0.999978,0,0.00669073,0.00144939,0.976254,-0.216622,-0.00653185,0.216627,0.976233
-0.471429,-1.37143,-0.00146336,0.999341,0,-0.0363009,-0.00500578,0.990447,-0.137806,0.0359541,0.137897,0.989794
-0.428571,-1.37143,-0.00540059,0.99823,0,-0.0594649,-0.00248827,0.999124,-0.0417704,0.0594128,0.0418444,0.997356
-0.385714,-1.37143,-0.00484869,0.99797,0,-0.063692,0.00443034,0.997578,0.0694175,0.0635378,-0.0695588,0.995552
-0.342857,-1.37143,-0.000325937,0.998803,0,-0.0489206,0.00590198,0.992696,0.1205,0.0485633,-0.120644,0.991507
-0.3,-1.37143,0.00391457,0.999926,0,-0.0121425,0.000713996,0.99827,0.0587971,0.0121215,-0.0588014,0.998196
-0.257143,-1.37143,0.00466068,0.999296,0,0.0375211,0.000661832,0.999844,-0.0176265,-0.0375153,0.0176389,0.99914
-0.214286,-1.37143,0.00295294,0.998136,0,0.0610282,0.00338196,0.998463,-0.0553131,-0.0609344,0.0554164,0.996602
-0.171429,-1.37143,0.000486588,0.999819,0,0.0190312,0.000951895,0.998748,-0.0500085,-0.0190074,0.0500175,0.998567
-0.128571,-1.37143,-0.000396223,0.997556,0,-0.0698778,0.00139934,0.999799,0.0199765,0.0698638,-0.0200255,0.997356
-0.0857143,-1.37143,0.00316651,0.990272,0,-0.139143,0.0214253,0.988074,0.152482,0.137484,-0.15398,0.978462
-0.0428571,-1.37143,0.0140513,0.992226,0,-0.124453,0.0420249,0.941262,0.335052,0.117143,-0.337677,0.933944
0,-1.37143,0.0330676,0.999988,0,0.00494371,-0.00219088,0.89644,0.443159,-0.00443174,-0.443165,0.896429
0.0428571,-1.37143,0.0537257,0.989068,0,0.147462,-0.0586381,0.917538,0.393302,-0.135302,-0.397649,0.907507
0.0857143,-1.37143,0.0679372,0.984743,0,0.174013,-0.0332982,0.981521,0.188435,-0.170798,-0.191354,0.966546
0.128571,-1.37143,0.0718648,0.999849,0,0.0173548,-0.000309961,0.99984,0.0178575,-0.0173521,-0.0178602,0.99969
0.171429,-1.37143,0.0722592,0.970079,0,-0.242791,0.00779163,0.999485,0.0311316,0.242666,-0.0320919,0.969579
0.214286,-1.37143,0.0772723,0.885389,0,-0.464851,0.0828918,0.983973,0.157882,0.457401,-0.178319,0.871198
0.257143,-1.37143,0.0862485,0.811871,0,-0.583837,0.0768347,0.991303,0.106845,0.578759,-0.131603,0.804809
0.3,-1.37143,0.086944,0.795204,0,-0.606342,-0.0867301,0.989717,-0.113745,0.600107,0.143038,0.787027
0.342857,-1.37143,0.0668187,0.861226,0,-0.508222,-0.273176,0.843256,-0.46292,0.428561,0.537513,0.726234
0.385714,-1.37143,0.0350824,0.955974,0,-0.293451,-0.142401,0.874369,-0.463898,0.256585,0.485262,0.835874
0.428571,-1.37143,0.0222998,0.984088,0,-0.177682,-0.0247494,0.990252,-0.137074,0.17595,0.13929,0.974495
0.471429,-1.37143,0.0153294,0.9939,0,-0.110284,-0.0194739,0.984286,-0.175502,0.108551,0.176579,0.978282
0.514286,-1.37143,0.007355,0.999189,0,-0.0402729,-0.00733632,0.983268,-0.182017,0.0395991,0.182165,0.98247
0.557143,-1.37143,-2.97965e-05,0.99974,0,0.0228033,0.00344754,0.988505,-0.151147,-0.0225412,0.151186,0.988248
0.6,-1.37143,-0.00529596,0.997574,0,0.0696198,0.00629659,0.995902,-0.090223,-0.0693345,0.0904424,0.993485
0.642857,-1.37143,-0.00783263,0.995718,0,0.0924475,0.0025294,0.999626,-0.0272432,-0.0924129,0.0273604,0.995345
0.685714,-1.37143,-0.00766463,0.996428,0,0.0844429,-0.0029585,0.999386,0.0349103,-0.084391,-0.0350355,0.995817
0.728571,-1.37143,-0.00482949,0.999269,0,0.0382421,-0.00368863,0.995337,0.0963842,-0.0380638,-0.0964548,0.994609
0.771429,-1.37143,0.000622075,0.998569,0,-0.0534862,0.00818337,0.988226,0.152781,0.0528565,-0.153,0.986812
0.814286,-1.37143,0.00778666,0.983795,0,-0.179299,0.0295809,0.986297,0.162308,0.176842,-0.164982,0.970313
0.857143,-1.37143,0.0144011,0.953906,0,-0.300105,0.0367564,0.992471,0.116833,0.297845,-0.122478,0.946724
0.9,-1.37143,0.0180807,0.923548,0,-0.383483,0.0117066,0.999534,0.0281931,0.383304,-0.0305269,0.923118
0.942857,-1.37143,0.016479,0.912226,0,-0.409687,-0.0411556,0.994941,-0.0916386,0.407615,0.100456,0.907611
0.985714,-1.37143,0.00965484,0.926662,0,-0.375896,-0.0656799,0.984617,-0.161915,0.370113,0.174729,0.912407
1.02857,-1.37143,0.00145943,0.954418,0,-0.298472,-0.0490816,0.986387,-0.156947,0.294409,0.164443,0.941425
1.07143,-1.37143,-0.00392224,0.980273,0,-0.197648,-0.0116425,0.998264,-0.0577433,0.197305,0.0589053,0.978571
1.11429,-1.37143,-0.00230516,0.994675,0,-0.103064,0.0154007,0.988773,0.148633,0.101907,-0.149428,0.983507
1.15714,-1.37143,0.0104955,0.998754,0,-0.0499062,0.0208889,0.908187,0.418043,0.0453242,-0.418564,0.907056
1.2,-1.37143,0.0370259,0.998198,0,-0.0600074,0.0362676,0.796692,0.603296,0.0478074,-0.604385,0.795257
1.24286,-1.37143,0.0742106,0.993691,0,-0.112155,0.0773577,0.724057,0.685389,0.0812065,-0.689741,0.719488
1.28571,-1.37143,0.11777,0.984469,0,-0.175558,0.126608,0.692752,0.709975,0.121618,-0.721176,0.681993
1.32857,-1.37143,0.16271,0.975504,0,-0.219982,0.150024,0.731369,0.665277,0.160888,-0.681982,0.713453
1.37143,-1.37143,0.187362,0.981008,0,-0.193965,0.00795867,0.999158,0.0402523,0.193801,-0.0410315,0.980182
1.41429,-1.37143,0.155358,0.9998,0,-0.0200179,-0.0166005,0.558827,-0.829118,0.0111866,0.829284,0.558715
1.45714,-1.37143,0.0803121,0.980175,0,0.198132,0.171308,0.502432,-0.847476,-0.0995478,0.864617,0.492471
1.5,-1.37143,0.0273463,0.984358,0,0.176181,0.0718658,0.913023,-0.401527,-0.160858,0.407908,0.898741
-1.5,-1.32857,3.27001e-05,1,0,-0.000956965,-2.4018e-05,0.999685,-0.0250981,0.000956664,0.0250981,0.999685
-1.45714,-1.32857,-0.000215612,0.999179,0,0.0405032,-0.000325091,0.999968,0.00801973,-0.0405019,-0.00802632,0.999147
-1.41429,-1.32857,0.000251121,0.999512,0,0.0312315,-0.000257924,0.999966,0.00825443,-0.0312305,-0.00825845,0.999478
-1.37143,-1.32857,0.000222766,0.999871,0,0.0160744,0.00012066,0.999972,-0.00750539,-0.016074,0.00750636,0.999843
-1.32857,-1.32857,-0.00016305,0.999983,0,0.00579536,4.74753e-05,0.999966,-0.00819182,-0.00579517,0.00819195,0.99995
-1.28571,-1.32857,-0.000440442,0.999996,0,-0.00280437,-1.38682e-05,0.999988,-0.0049452,0.00280434,0.00494522,0.999984
-1.24286,-1.32857,-0.000603451,0.999919,0,-0.0127408,-3.63658e-05,0.999996,-0.00285404,0.0127408,0.00285427,0.999915
-1.2,-1.32857,-0.000701633,0.999635,0,-0.0269979,-5.18176e-05,0.999998,-0.00191862,0.0269978,0.00191932,0.999634
-1.15714,-1.32857,-0.000784543,0.998821,0,-0.0485354,-0.000103832,0.999998,-0.00213678,0.0485353,0.0021393,0.998819
-1.11429,-1.32857,-0.000901737,0.996777,0,-0.0802279,-0.000281484,0.999994,-0.00349724,0.0802275,0.00350855,0.99677
-1.07143,-1.32857,-0.00107655,0.99232,0,-0.123694,-0.000275528,0.999998,-0.00221039,0.123693,0.0022275,0.992318
-1.02857,-1.32857,-0.000674481,0.987875,0,-0.155255,0.00402991,0.999663,0.025642,0.155202,-0.0259568,0.987542
-0.985714,-1.32857,0.00162866,0.992037,0,-0.125944,0.0107644,0.996341,0.084789,0.125483,-0.0854696,0.988407
-0.942857,-1.32857,0.00645445,0.999977,0,0.00683345,-0.000700937,0.994725,0.102572,-0.0067974,-0.102575,0.994702
-0.9,-1.32857,0.00640516,0.987451,0,0.157924,0.0236906,0.988684,-0.14813,-0.156137,0.150012,0.976277
-0.857143,-1.32857,-0.00605079,0.981967,0,0.189054,0.0557367,0.955553,-0.289503,-0.180651,0.294819,0.938321
-0.814286,-1.32857,-0.0101597,0.995936,0,0.0900614,-0.0212314,0.971815,0.234785,-0.0875231,-0.235743,0.967866
-0.771429,-1.32857,0.0150797,0.995047,0,-0.0994058,0.0609345,0.790093,0.609951,0.0785398,-0.612987,0.786179
-0.728571,-1.32857,0.0433879,0.966485,0,-0.256724,0.0961394,0.927233,0.361935,0.238043,-0.374486,0.896156
-0.685714,-1.32857,0.0506256,0.95009,0,-0.311975,-0.0134241,0.999074,-0.0408819,0.311686,0.0430295,0.94921
-0.642857,-1.32857,0.0424845,0.955084,0,-0.296335,-0.0815716,0.961367,-0.262904,0.284887,0.275268,0.918187
-0.6,-1.32857,0.0279109,0.971391,0,-0.237484,-0.0755635,0.948029,-0.309081,0.225142,0.318184,0.920907
-0.557143,-1.32857,0.0145273,0.987226,0,-0.159323,-0.0421644,0.964345,-0.261266,0.153643,0.264647,0.952027
-0.514286,-1.32857,0.00416885,0.996857,0,-0.0792213,-0.0158184,0.979862,-0.199046,0.0776259,0.199673,0.976783
-0.471429,-1.32857,-0.00290945,0.999903,0,-0.0139591,-0.00173003,0.99229,-0.123923,0.0138515,0.123935,0.992194
-0.428571,-1.32857,-0.00645281,0.999802,0,0.0199191,0.000785148,0.999223,-0.0394089,-0.0199037,0.0394167,0.999025
-0.385714,-1.32857,-0.00620658,0.999976,0,0.00696108,-0.00035978,0.998663,0.0516833,-0.00695177,-0.0516846,0.998639
-0.342857,-1.32857,-0.00260421,0.998805,0,-0.0488634,0.00505875,0.994626,0.103405,0.0486008,-0.103528,0.993438
-0.3,-1.32857,0.00168731,0.996676,0,-0.0814729,0.00685229,0.996457,0.0838255,0.0811842,-0.0841051,0.993144
-0.257143,-1.32857,0.00417485,0.99865,0,-0.0519348,0.00146717,0.999601,0.0282121,0.0519141,-0.0282502,0.998252
-0.214286,-1.32857,0.00384733,0.999921,0,-0.0125805,-0.000586614,0.998912,-0.0466253,0.0125668,0.0466289,0.998833
-0.171429,-1.32857,0.000108164,0.999658,0,-0.0261411,-0.00301695,0.993318,-0.115371,0.0259664,0.11541,0.992978
-0.128571,-1.32857,-0.0044374,0.995159,0,-0.0982806,-0.00736158,0.997191,-0.0745411,0.0980045,0.0749037,0.992363
-0.0857143,-1.32857,-0.00461129,0.982252,0,-0.187564,0.0161133,0.996303,0.0843838,0.18687,-0.0859085,0.978621
-0.0428571,-1.32857,0.00483711,0.967352,0,-0.253437,0.0860633,0.940576,0.328497,0.238377,-0.339584,0.909868
0,-1.32857,0.0259431,0.961195,0,-0.27587,0.131791,0.878508,0.45919,0.242354,-0.477728,0.844417
0.0428571,-1.32857,0.0493893,0.958565,0,-0.284872,0.119571,0.907647,0.402343,0.258564,-0.419735,0.870039
0.0857143,-1.32857,0.0633697,0.947914,0,-0.318527,0.039003,0.992475,0.11607,0.31613,-0.122448,0.940781
0.128571,-1.32857,0.0619464,0.918497,0,-0.395429,-0.0554254,0.990128,-0.128741,0.391525,0.140165,0.909429
0.171429,-1.32857,0.0537977,0.870096,0,-0.492882,-0.0777927,0.987466,-0.137329,0.486704,0.157832,0.85919
0.214286,-1.32857,0.0496292,0.810501,0,-0.585737,0.00198807,0.999994,0.00275095,0.585734,-0.00339413,0.810496
0.257143,-1.32857,0.0517343,0.762171,0,-0.647376,0.0280954,0.999058,0.0330774,0.646766,-0.0433989,0.761453
0.3,-1.32857,0.0513382,0.758499,0,-0.651674,-0.0554252,0.996377,-0.0645106,0.649313,0.0850504,0.75575
0.342857,-1.32857,0.0392323,0.832271,0,-0.554369,-0.19263,0.937689,-0.289194,0.519825,0.347476,0.780411
0.385714,-1.32857,0.0203527,0.940233,0,-0.340533,-0.10248,0.953643,-0.282953,0.324747,0.30094,0.896646
0.428571,-1.32857,0.0138761,0.980096,0,-0.198524,-0.00803082,0.999181,-0.0396474,0.198362,0.0404526,0.979294
0.471429,-1.32857,0.0122262,0.999405,0,-0.0344835,-0.0013619,0.99922,-0.0394708,0.0344566,0.0394942,0.998626
0.514286,-1.32857,0.0103595,0.986258,0,0.16521,0.00797468,0.998834,-0.0476067,-0.165017,0.04827,0.985109
0.557143,-1.32857,0.00790344,0.950737,0,0.309999,0.0197213,0.997974,-0.0604832,-0.309371,0.0636172,0.948811
0.6,-1.32857,0.00455199,0.938067,0,0.346453,0.0281397,0.996696,-0.0761919,-0.345308,0.0812222,0.934968
0.642857,-1.32857,0.00079932,0.958231,0,0.285995,0.0229821,0.996766,-0.0770019,-0.285071,0.0803584,0.955132
0.685714,-1.32857,-0.00230632,0.986634,0,0.162949,0.0090978,0.99844,-0.0550859,-0.162695,0.0558321,0.985095
0.728571,-1.32857,-0.00370558,0.999756,0,0.0221036,9.9494e-05,0.99999,-0.00450016,-0.0221034,0.00450126,0.999746
0.771429,-1.32857,-0.00235749,0.996941,0,-0.0781598,0.00531789,0.997683,0.0678305,0.0779787,-0.0680386,0.994631
0.814286,-1.32857,0.0015877,0.993877,0,-0.110495,0.0116924,0.994386,0.10517,0.109875,-0.105818,0.988297
0.857143,-1.32857,0.00608017,0.995591,0,-0.0938051,0.00873561,0.995654,0.0927144,0.0933975,-0.0931251,0.991264
0.9,-1.32857,0.00890033,0.998782,0,-0.0493351,0.00142985,0.99958,0.0289471,0.0493144,-0.0289824,0.998363
0.942857,-1.32857,0.00786148,0.999999,0,0.00152688,0.000122718,0.996765,-0.0803719,-0.00152194,0.080372,0.996764
0.985714,-1.32857,0.00284466,0.999105,0,0.0422935,0.00586504,0.990338,-0.138551,-0.0418848,0.138675,0.989452
1.02857,-1.32857,-0.00300893,0.997857,0,0.065427,0.00775858,0.992944,-0.11833,-0.0649654,0.118584,0.990817
1.07143,-1.32857,-0.00627114,0.997923,0,0.0644222,0.0012355,0.999816,-0.0191383,-0.0644103,0.0191781,0.997739
1.11429,-1.32857,-0.00351377,0.999468,0,0.0326012,-0.0051866,0.987264,0.159008,-0.032186,-0.159092,0.986739
1.15714,-1.32857,0.00869119,0.999319,0,-0.0368993,0.0143226,0.921595,0.387888,0.0340062,-0.388152,0.920968
1.2,-1.32857,0.0324391,0.989304,0,-0.145866,0.0808667,0.832256,0.548461,0.121398,-0.554391,0.823355
1.24286,-1.32857,0.0652532,0.960183,0,-0.279371,0.175964,0.776712,0.604777,0.216991,-0.629856,0.745785
1.28571,-1.32857,0.103677,0.909505,0,-0.415692,0.269316,0.761749,0.589243,0.316653,-0.647872,0.692815
1.32857,-1.32857,0.143679,0.845911,0,-0.533325,0.314661,0.807405,0.499086,0.430609,-0.589998,0.682992
1.37143,-1.32857,0.167749,0.825963,0,-0.563725,0.0629377,0.993748,0.0922155,0.5602,-0.111646,0.820799
1.41429,-1.32857,0.146355,0.932677,0,-0.360712,-0.259067,0.695827,-0.669857,0.250993,0.718209,0.648982
1.45714,-1.32857,0.086978,0.996051,0,0.0887788,0.0734695,0.561382,-0.824289,-0.0498388,0.827557,0.559165
1.5,-1.32857,0.0352918,0.985496,0,0.169699,0.100673,0.80502,-0.584643,-0.136611,0.593247,0.793344
-1.5,-1.28571,-1.36913e-05,1,0,-0.000960742,5.16621e-05,0.998553,0.0537731,0.000959352,-0.0537731,0.998553
-1.45714,-1.28571,0.00145133,0.999553,0,0.0298906,-0.000490811,0.999865,0.0164129,-0.0298866,-0.0164202,0.999418
-1.41429,-1.28571,0.00155857,0.999739,0,0.0228398,0.000217177,0.999955,-0.00950623,-0.0228387,0.00950871,0.999694
-1.37143,-1.28571,0.000826524,0.999958,0,0.00919657,0.000199853,0.999764,-0.0217304,-0.0091944,0.0217313,0.999722
-1.32857,-1.28571,-4.99872e-05,1,0,0.000369047,6.156e-06,0.999861,-0.0166808,-0.000368996,0.0166808,0.999861
-1.28571,-1.28571,-0.00058928,0.999998,0,-0.0020034,-1.82902e-05,0.999958,-0.00912957,0.00200332,0.00912958,0.999956
-1.24286,-1.28571,-0.000887938,1,0,0.000550288,3.00093e-06,0.999985,-0.00545338,-0.00055028,0.00545338,0.999985
-1.2,-1.28571,-0.0011121,0.999981,0,0.00612338,3.46177e-05,0.999984,-0.00565327,-0.00612328,0.00565338,0.999965
-1.15714,-1.28571,-0.00142791,0.999918,0,0.0128085,0.000124615,0.999953,-0.00972824,-0.0128079,0.00972904,0.999871
-1.11429,-1.28571,-0.00200151,0.999825,0,0.0186986,0.000330551,0.999844,-0.0176747,-0.0186957,0.0176778,0.999669
-1.07143,-1.28571,-0.00294492,0.999754,0,0.0221602,0.000479592,0.999766,-0.0216367,-0.022155,0.021642,0.99952
-1.02857,-1.28571,-0.00301272,0.999597,0,0.0283735,-0.000825781,0.999576,0.0290922,-0.0283615,-0.029104,0.999174
-0.985714,-1.28571,0.000463758,0.998768,0,0.0496319,-0.00705335,0.98985,0.141938,-0.0491281,-0.142113,0.98863
-0.942857,-1.28571,0.00920955,0.995307,0,0.0967702,-0.0205921,0.977097,0.211795,-0.0945539,-0.212794,0.972511
-0.9,-1.28571,0.013923,0.9866,0,0.16316,0.00992753,0.998147,-0.06003,-0.162858,0.0608453,0.984772
-0.857143,-1.28571,0.0033761,0.97636,0,0.216153,0.0662431,0.951882,-0.299219,-0.205752,0.306464,0.929379
-0.814286,-1.28571,-0.00506165,0.991293,0,0.131675,-0.0057946,0.999031,0.0436235,-0.131548,-0.0440067,0.990333
-0.771429,-1.28571,0.00839759,0.981629,0,-0.1908,0.080227,0.907303,0.412752,0.173114,-0.420477,0.890635
-0.728571,-1.28571,0.0258027,0.892444,0,-0.451159,0.0985173,0.975867,0.194879,0.440271,-0.218365,0.870907
