x,y,z,tau1_x,tau1_y,tau1_z,tau2_x,tau2_y,tau2_z,normal_x,normal_y,normal_z
-1.50025,-1.50354,-0.0464964,0.999986,0,-0.00536269,-0.000407308,0.997111,-0.0759511,0.0053472,0.0759522,0.997097
-1.43467,-1.49812,-0.0463557,0.996118,0,0.0880246,-0.00353962,0.999191,0.0400557,-0.0879534,-0.0402118,0.995313
-1.37669,-1.50138,-0.0458806,0.999831,0,0.0184037,0.00054329,0.999564,-0.0295157,-0.0183957,0.0295207,0.999395
-1.31847,-1.50155,-0.048273,0.998941,0,-0.0460162,-0.00153102,0.999446,-0.033236,0.0459907,0.0332713,0.998388
-1.25279,-1.49813,-0.0483912,0.998771,0,0.049556,-0.00198268,0.999199,0.0399597,-0.0495164,-0.0400089,0.997972
-1.18454,-1.49185,-0.0403854,0.979142,0,0.203179,-0.0354687,0.984645,0.170927,-0.20006,-0.174569,0.964107
-1.11971,-1.48372,-0.0200465,0.955225,0,0.295881,-0.103201,0.9372,0.333174,-0.2773,-0.348791,0.895237
-1.06201,-1.47617,0.0143169,0.972032,0,0.234849,-0.119941,0.859749,0.496432,-0.201911,-0.510716,0.835704
-1.00698,-1.49304,0.0351757,0.997549,0,0.0699697,-0.0104413,0.988803,0.14886,-0.0691863,-0.149226,0.98638
-0.944599,-1.53238,0.0220892,0.991465,0,0.130373,0.0904703,0.720036,-0.688014,-0.093873,0.693936,0.713891
-0.873349,-1.51793,-0.0395293,0.942445,0,0.334361,0.128468,0.923241,-0.362106,-0.308696,0.38422,0.870104
-0.817603,-1.49211,-0.0452709,0.980983,0,0.194094,-0.0328303,0.985591,0.16593,-0.191297,-0.169147,0.966848
-0.785421,-1.50224,-0.0392773,0.902097,0,-0.431534,-0.020688,0.99885,-0.0432471,0.431038,0.0479406,0.901059
-0.736606,-1.50013,-0.0330128,0.717107,0,-0.696963,-0.00190257,0.999996,-0.00195756,0.69696,0.0027298,0.717105
-0.674714,-1.4992,-0.0327223,0.730655,0,-0.682747,0.011652,0.999854,0.0124697,0.682647,-0.0170664,0.730549
-0.60636,-1.50033,-0.0375183,0.848066,0,-0.52989,-0.00370655,0.999976,-0.00593217,0.529877,0.00699494,0.848046
-0.532345,-1.50136,-0.0443934,0.966703,0,-0.255901,-0.00748328,0.999572,-0.0282692,0.255792,0.0292429,0.96629
-0.458176,-1.50081,-0.0475848,0.999767,0,0.0216035,0.000375045,0.999849,-0.0173564,-0.0216002,0.0173604,0.999616
-0.392402,-1.49859,-0.0470271,0.992877,0,0.119147,-0.00359931,0.999544,0.0299938,-0.119093,-0.0302089,0.992423
-0.338158,-1.49823,-0.04441,0.999534,0,-0.0305262,0.00115771,0.999281,0.0379075,0.0305042,-0.0379251,0.998815
-0.283173,-1.5035,-0.0449713,0.986348,0,-0.164674,-0.0123425,0.997187,-0.0739283,0.16421,0.0749516,0.983574
-0.221286,-1.50206,-0.049815,0.988661,0,-0.150162,-0.00663128,0.999024,-0.0436601,0.150016,0.0441608,0.987697
-0.157335,-1.49499,-0.0478785,0.995749,0,-0.0921032,0.00989171,0.994216,0.106942,0.0915705,-0.107398,0.98999
-0.0985698,-1.49086,-0.0370791,0.989117,0,-0.14713,0.028824,0.980622,0.193776,0.144279,-0.195908,0.96995
-0.0511934,-1.49091,-0.0192836,0.893209,0,-0.449642,0.0876117,0.980834,0.17404,0.441024,-0.194848,0.876089
-0.00215798,-1.49648,-0.000534187,0.709982,0,-0.70422,0.0530484,0.997159,0.0534825,0.702219,-0.0753294,0.707965
0.0643543,-1.50598,-0.0059038,0.804605,0,-0.59381,-0.0761292,0.991748,-0.103154,0.58891,0.128205,0.797965
0.176678,-1.5075,-0.021071,0.858545,0,0.512738,0.0824132,0.986998,-0.137995,-0.506071,0.160732,0.847383
0.255959,-1.49666,-0.00429894,0.445447,0,0.895308,-0.0641737,0.997428,0.0319287,-0.893005,-0.0716778,0.444301
0.319022,-1.49694,0.0134537,0.356236,0,0.934396,-0.061258,0.997849,0.0233545,-0.932386,-0.0655589,0.35547
0.378402,-1.5071,0.00723438,0.428861,0,0.903371,0.137383,0.988368,-0.0652204,-0.892863,0.152078,0.423873
0.431092,-1.50822,-0.0301215,0.692671,0,0.721254,0.126972,0.984382,-0.12194,-0.709989,0.176044,0.681853
0.488879,-1.49736,-0.0377156,0.770575,0,0.63735,-0.0361069,0.998394,0.0436543,-0.636326,-0.0566516,0.769337
0.544616,-1.49561,-0.0345578,0.853531,0,0.521042,-0.048968,0.995574,0.0802155,-0.518736,-0.0939808,0.849753
0.597668,-1.50417,-0.0369619,0.938607,0,0.344989,0.0308342,0.995998,-0.0838902,-0.343608,0.0893773,0.93485
0.650037,-1.50942,-0.0492576,0.987586,0,0.15708,0.0316952,0.979431,-0.199272,-0.15385,0.201777,0.967273
0.705448,-1.50156,-0.059619,0.999571,0,0.0293055,0.000979623,0.999441,-0.0334136,-0.0292891,0.033428,0.999012
0.766168,-1.48179,-0.0453112,0.999799,0,0.0200561,-0.00782403,0.920769,0.390029,-0.018467,-0.390108,0.920584
0.831837,-1.4735,-0.00366997,0.990413,0,0.138141,-0.0784409,0.823145,0.562387,-0.11371,-0.567831,0.815253
0.900011,-1.4801,0.0328157,0.956924,0,0.290338,-0.1238,0.904535,0.408033,-0.26262,-0.4264,0.865571
0.966639,-1.50595,0.0425121,0.924359,0,0.381525,0.0486568,0.991834,-0.117886,-0.37841,0.127532,0.916811
1.02634,-1.52105,0.0236864,0.92186,0,0.387522,0.174832,0.892446,-0.415901,-0.345842,0.451154,0.822711
1.08559,-1.52088,-0.0124217,0.940683,0,0.339287,0.151837,0.894275,-0.420972,-0.303416,0.447517,0.84123
1.14499,-1.50403,-0.0391994,0.964153,0,0.265348,0.0229188,0.996263,-0.0832764,-0.264356,0.0863726,0.96055
1.20254,-1.47745,-0.0181748,0.977242,0,0.212126,-0.102524,0.875445,0.472318,-0.185704,-0.483318,0.855522
1.26953,-1.47549,0.0255262,0.931647,0,0.363364,-0.190848,0.850963,0.489325,-0.309209,-0.525226,0.792797
1.35072,-1.49553,0.0588859,0.672062,0,0.740495,-0.0708932,0.995407,0.0643416,-0.737094,-0.0957376,0.668975
1.41833,-1.50861,0.059377,0.457922,0,0.888992,0.164008,0.982835,-0.0844811,-0.873733,0.184488,0.450062
1.46995,-1.51867,0.0171675,0.684488,0,0.729024,0.291734,0.916441,-0.273912,-0.668107,0.40017,0.627293
1.50705,-1.52036,-0.0314599,0.98581,0,0.167866,0.0732442,0.899789,-0.430134,-0.151044,0.436326,0.887021
-1.49994,-1.44075,-0.0466811,0.999999,0,0.001226,5.19242e-05,0.999103,-0.0423525,-0.0012249,0.0423525,0.999102
-1.44041,-1.43701,-0.0456604,0.999384,0,-0.0350989,0.00132866,0.999283,0.0378315,0.0350738,-0.0378548,0.998668
-1.37836,-1.44133,-0.0460663,0.999851,0,-0.0172708,-0.000946431,0.998497,-0.0547914,0.0172448,0.0547996,0.998348
-1.31549,-1.43925,-0.0488764,0.999838,0,0.0180011,0.000181291,0.999949,-0.0100695,-0.0180002,0.0100711,0.999787
-1.25459,-1.43499,-0.0465733,0.99994,0,0.0109759,-0.000890969,0.9967,0.0811701,-0.0109397,-0.081175,0.99664
-1.19666,-1.43059,-0.0379895,0.998161,0,-0.0606263,0.0106398,0.98448,0.175176,0.0596854,-0.175498,0.982669
-1.14217,-1.4264,-0.0220577,0.97736,0,-0.211582,0.0561008,0.964207,0.259146,0.204009,-0.265149,0.942378
-1.09039,-1.42427,0.00214503,0.90404,0,-0.427448,0.132882,0.950451,0.281042,0.406269,-0.310874,0.859246
-1.03651,-1.4363,0.0193032,0.825389,0,-0.564565,0.0299444,0.998592,0.0437784,0.56377,-0.0530398,0.824227
-0.966474,-1.46094,0.00400016,0.90473,0,-0.425984,-0.202309,0.880029,-0.429675,0.374879,0.47492,0.796189
-0.892825,-1.45519,-0.037996,0.993244,0,-0.116047,-0.0408175,0.936101,-0.349355,0.108632,0.351731,0.929776
-0.835546,-1.43734,-0.0485342,0.981143,0,-0.193281,0.00593979,0.999528,0.0301519,0.19319,-0.0307314,0.98068
-0.752776,-1.43578,-0.0437787,0.963121,0,0.269067,-0.0172766,0.997936,0.0618413,-0.268512,-0.0642093,0.961134
-0.676509,-1.43856,-0.0342654,0.806789,0,0.590839,-0.00275519,0.999989,0.00376221,-0.590833,-0.00466319,0.806781
-0.617269,-1.43991,-0.0365405,0.836159,0,0.548487,0.013383,0.999702,-0.0204021,-0.548323,0.0243998,0.83591
-0.565143,-1.43994,-0.0430425,0.935447,0,0.353467,0.00878361,0.999691,-0.0232457,-0.353358,0.0248499,0.935158
-0.513978,-1.43933,-0.0468144,0.99046,0,0.137799,0.0016437,0.999929,-0.0118144,-0.13779,0.0119282,0.99039
-0.459948,-1.43855,-0.0474873,0.999866,0,-0.0163771,8.00906e-05,0.999988,0.00488973,0.0163769,-0.00489039,0.999854
-0.401,-1.43765,-0.046502,0.997873,0,-0.0651843,0.00157575,0.999708,0.0241224,0.0651653,-0.0241738,0.997582
-0.336794,-1.4383,-0.0450938,0.999999,0,-0.00128031,1.31499e-05,0.999947,0.0102709,0.00128024,-0.0102709,0.999946
-0.271884,-1.44188,-0.0467354,0.996963,0,0.0778703,0.00518079,0.997784,-0.066329,-0.0776978,0.0665311,0.994755
-0.209831,-1.44029,-0.0504914,0.995429,0,0.0955072,0.00309956,0.999473,-0.0323053,-0.0954569,0.0324537,0.994904
-0.151072,-1.43476,-0.0487135,0.999084,0,0.0427905,-0.00368048,0.996294,0.0859328,-0.042632,-0.0860116,0.995382
-0.0917206,-1.43226,-0.0411366,0.999997,0,0.00251263,-0.000350742,0.990209,0.139591,-0.00248803,-0.139592,0.990206
-0.0255345,-1.43296,-0.0325024,0.993969,0,0.109663,-0.0136716,0.992198,0.123917,-0.108808,-0.124669,0.986214
0.046959,-1.43212,-0.0215611,0.935283,0,0.353902,-0.0504412,0.989791,0.133305,-0.350289,-0.142529,0.925734
0.114173,-1.42807,-0.00532803,0.870733,0,0.491756,-0.112829,0.973323,0.199782,-0.478637,-0.229441,0.847504
0.173402,-1.42233,0.0168107,0.88493,0,0.465724,-0.164074,0.935887,0.31176,-0.435865,-0.352299,0.828195
0.229607,-1.41707,0.0480678,0.92869,0,0.370858,-0.172453,0.885304,0.431852,-0.328322,-0.465012,0.822173
0.288528,-1.43129,0.0684848,0.959236,0,0.282608,-0.0453459,0.987043,0.153914,-0.278946,-0.160455,0.946807
0.34392,-1.46983,0.0583354,0.978493,0,0.206278,0.13727,0.746433,-0.651149,-0.153973,0.665461,0.730379
0.4043,-1.45997,-0.00531843,0.988303,0,0.152506,0.0692737,0.890882,-0.448922,-0.135865,0.454236,0.880461
0.462588,-1.44416,-0.0232461,0.997299,0,0.0734421,0.00846781,0.993331,-0.114988,-0.0729523,0.115299,0.990648
0.51499,-1.44414,-0.0298188,0.993146,0,-0.116878,-0.0134432,0.993363,-0.11423,0.116103,0.115018,0.986555
0.571944,-1.44714,-0.0376336,0.977478,0,-0.211036,-0.0378046,0.983824,-0.175104,0.207622,0.179138,0.961666
0.638034,-1.44676,-0.0503883,0.994484,0,-0.10489,-0.0179363,0.985271,-0.170057,0.103345,0.171,0.979836
0.70627,-1.43849,-0.0572924,0.9989,0,0.0468917,-0.00028908,0.999981,0.00615807,-0.0468908,-0.00616485,0.998881
0.76662,-1.4233,-0.0444773,0.999554,0,0.0298525,-0.00989808,0.943432,0.331418,-0.0281638,-0.331566,0.943011
0.8162,-1.41718,-0.0114201,0.968317,0,-0.249723,0.115586,0.886434,0.448191,0.221363,-0.462856,0.858349
0.864462,-1.42484,0.0202563,0.852333,0,-0.523,0.156177,0.954373,0.254522,0.499137,-0.298618,0.813443
0.920304,-1.44339,0.0299772,0.786576,0,-0.617494,-0.0609981,0.995109,-0.0777006,0.614474,0.0987834,0.782728
0.985789,-1.45437,0.0112008,0.831794,0,-0.555084,-0.185495,0.942511,-0.277964,0.523173,0.334174,0.783975
1.05552,-1.45408,-0.019581,0.932648,0,-0.360787,-0.118343,0.944673,-0.305922,0.340826,0.328014,0.881048
1.12847,-1.43712,-0.0370258,0.995963,0,-0.0897642,0.00318629,0.99937,0.0353529,0.0897077,-0.0354962,0.995335
1.19744,-1.41336,-0.00774417,0.995845,0,0.0910657,-0.0495868,0.83875,0.542254,-0.0763813,-0.544517,0.835265
1.2626,-1.40707,0.0487146,0.975704,0,0.219095,-0.148877,0.733667,0.662999,-0.160743,-0.679509,0.715842
1.33321,-1.41026,0.107093,0.889449,0,0.457035,-0.279275,0.791585,0.543505,-0.361783,-0.611059,0.704074
1.40721,-1.44864,0.130668,0.759822,0,0.650131,0.137356,0.977427,-0.160531,-0.635455,0.211275,0.74267
1.45055,-1.47761,0.0706522,0.89059,0,0.454808,0.378461,0.554573,-0.741091,-0.252224,0.832135,0.493897
1.50511,-1.45195,-0.0263745,0.993456,0,0.114218,0.0322472,0.959317,-0.280483,-0.109571,0.282331,0.953039
-1.49996,-1.38173,-0.0464365,1,0,0.000863706,7.72972e-05,0.995987,-0.0894947,-0.000860241,0.0894947,0.995987
-1.43907,-1.37644,-0.0477484,0.99998,0,-0.00626147,0.000149368,0.999715,0.0238546,0.00625969,-0.0238551,0.999696
-1.37756,-1.37786,-0.046946,1,0,-0.000242641,-1.59552e-06,0.999978,-0.00657565,0.000242636,0.00657565,0.999978
-1.31543,-1.37756,-0.0474184,0.999815,0,0.0192321,5.27428e-06,1,-0.000274194,-0.0192321,0.000274244,0.999815
-1.25549,-1.37648,-0.0467313,0.999966,0,-0.00822797,0.000188565,0.999737,0.0229167,0.00822581,-0.0229175,0.999704
-1.19796,-1.37531,-0.0443413,0.996158,0,-0.0875758,0.00421366,0.998842,0.0479296,0.0874743,-0.0481145,0.995004
-1.14267,-1.3741,-0.0395585,0.976539,0,-0.215341,0.0159425,0.997256,0.0722968,0.21475,-0.0740337,0.973859
-1.08887,-1.37328,-0.0316743,0.926931,0,-0.375231,0.0343764,0.995795,0.0849198,0.373653,-0.0916139,0.923033
-1.03198,-1.37618,-0.0252081,0.884352,0,-0.466821,0.0137277,0.999568,0.026006,0.466619,-0.0294069,0.88397
-0.962968,-1.38371,-0.0309025,0.95318,0,-0.302402,-0.0398896,0.991262,-0.125733,0.29976,0.131909,0.944851
-0.888096,-1.3922,-0.0456739,0.99997,0,-0.0077041,-0.00241837,0.949454,-0.313897,0.00731469,0.313907,0.949426
-0.829962,-1.37294,-0.060008,0.997266,0,-0.0738915,0.00730701,0.995099,0.098618,0.0735293,-0.0988883,0.992378
-0.758808,-1.34958,-0.0173791,0.984752,0,0.173962,-0.104272,0.800452,0.590257,-0.139248,-0.599397,0.788247
-0.68594,-1.3715,0.00649465,0.919936,0,0.392069,-0.050867,0.991548,0.119352,-0.388755,-0.12974,0.912161
-0.627462,-1.389,0.000659829,0.940316,0,0.340303,0.0835096,0.969422,-0.230752,-0.329897,0.245398,0.911563
-0.573469,-1.39105,-0.0199978,0.98316,0,0.182748,0.0528577,0.957257,-0.284368,-0.174936,0.289239,0.941137
-0.518402,-1.38769,-0.0379651,0.99903,0,0.0440398,0.0095643,0.976133,-0.216963,-0.0429887,0.217174,0.975186
-0.461231,-1.38256,-0.0490875,0.999026,0,-0.0441245,-0.0047374,0.99422,-0.10726,0.0438694,0.107364,0.993251
-0.401342,-1.37585,-0.0515936,0.997365,0,-0.0725425,0.00263828,0.999338,0.0362729,0.0724946,-0.0363687,0.996706
-0.338549,-1.37224,-0.0456563,0.999234,0,-0.0391234,0.00444836,0.993515,0.113614,0.0388697,-0.113701,0.992754
-0.273932,-1.37741,-0.0420567,0.999428,0,0.0338176,-0.000103028,0.999995,0.00304483,-0.0338174,-0.00304658,0.999423
-0.2108,-1.3801,-0.04393,0.997198,0,0.0748057,0.00408193,0.99851,-0.0544142,-0.0746943,0.0545671,0.995712
-0.153307,-1.37827,-0.0468427,0.999986,0,-0.00525777,-8.09321e-05,0.999882,-0.0153926,0.00525715,0.0153929,0.999868
-0.0970377,-1.37112,-0.0428924,0.993649,0,-0.112523,0.0155069,0.990459,0.136936,0.111449,-0.137811,0.984168
-0.0327721,-1.36022,-0.0239781,0.998757,0,-0.0498464,0.01851,0.928496,0.37088,0.0462822,-0.371341,0.927342
0.038919,-1.35862,0.00533777,0.980853,0,0.194752,-0.0790139,0.913999,0.397948,-0.178003,-0.405716,0.896498
0.103562,-1.36977,0.0232316,0.966986,0,0.25483,-0.042513,0.985986,0.161321,-0.251259,-0.166829,0.953434
0.150628,-1.37552,0.0259841,0.998637,0,-0.052189,0.00227023,0.999053,0.0434409,0.0521396,-0.0435002,0.997692
0.194684,-1.36763,0.0391664,0.902903,0,-0.429844,0.0913417,0.977161,0.191867,0.420027,-0.2125,0.882282
0.248187,-1.37522,0.0551057,0.810144,0,-0.586231,0.0292507,0.998754,0.0404231,0.585501,-0.0498962,0.809135
0.31628,-1.40207,0.0409231,0.857096,0,-0.515157,-0.270667,0.850851,-0.450325,0.438322,0.525407,0.729261
0.387921,-1.39455,-0.0115803,0.972961,0,-0.230969,-0.0841383,0.931288,-0.354434,0.215099,0.364284,0.906107
0.452996,-1.38578,-0.0272063,0.990886,0,-0.1347,-0.0237537,0.984328,-0.174738,0.132589,0.176345,0.975358
0.51721,-1.38629,-0.0391959,0.997563,0,-0.0697733,-0.0130653,0.982312,-0.186797,0.0685391,0.187254,0.979918
0.58146,-1.38335,-0.0498255,0.999993,0,-0.00373031,-0.000463723,0.992243,-0.124311,0.00370138,0.124312,0.992236
0.64555,-1.37896,-0.0548621,0.998332,0,0.0577337,0.00174681,0.999542,-0.0302059,-0.0577072,0.0302563,0.997875
0.707211,-1.37446,-0.0536527,0.997739,0,0.0672026,-0.00445567,0.9978,0.0661522,-0.0670547,-0.0663021,0.995544
0.76396,-1.36998,-0.0461312,0.999572,0,-0.0292407,0.00474332,0.986755,0.162147,0.0288534,-0.162216,0.986333
0.81576,-1.36927,-0.0333925,0.972109,0,-0.234528,0.0416288,0.984121,0.17255,0.230804,-0.1775,0.956673
0.868503,-1.37411,-0.0223148,0.910424,0,-0.413677,0.0304781,0.997282,0.0670766,0.412552,-0.0736762,0.90795
0.927121,-1.38289,-0.022134,0.881864,0,-0.471504,-0.0539571,0.993431,-0.100917,0.468406,0.114436,0.876071
0.991865,-1.38632,-0.0347111,0.916475,0,-0.400091,-0.0751434,0.982204,-0.172129,0.392971,0.187816,0.900166
1.06001,-1.38105,-0.0476447,0.969432,0,-0.245362,-0.0183992,0.997184,-0.0726957,0.244671,0.074988,0.966702
1.12863,-1.36574,-0.0429028,0.99602,0,-0.0891266,0.0225529,0.967455,0.252036,0.086226,-0.253043,0.963605
1.19229,-1.35014,-0.00495015,0.999112,0,-0.0421429,0.0247557,0.809279,0.586903,0.0341053,-0.587425,0.80856
1.25201,-1.34454,0.0540472,0.995585,0,-0.0938612,0.0663995,0.706791,0.7043,0.0663402,-0.707423,0.70367
1.31155,-1.34389,0.119513,0.989017,0,-0.147804,0.106608,0.692647,0.713354,0.102376,-0.721276,0.68504
1.3731,-1.38575,0.142135,0.995304,0,-0.096797,-0.0170167,0.984426,-0.174972,0.0952895,0.175797,0.979804
1.44203,-1.41856,0.0908443,0.989265,0,0.14613,0.128402,0.477396,-0.869256,-0.0697617,0.878688,0.472271
1.50724,-1.39542,-0.0162203,0.9858,0,0.167925,0.064316,0.923747,-0.377565,-0.155121,0.383003,0.910629
-1.50005,-1.31637,-0.0466467,0.999999,0,-0.00110941,-9.3904e-07,1,-0.000846434,0.00110941,0.000846434,0.999999
-1.43683,-1.31588,-0.0461414,0.99913,0,0.0416982,-0.000398166,0.999954,0.00954045,-0.0416963,-0.00954875,0.999085
-1.37671,-1.31681,-0.0461701,0.999837,0,0.0180535,0.000185336,0.999947,-0.0102643,-0.0180525,0.0102659,0.999784
-1.31627,-1.31677,-0.0468948,0.999999,0,0.00116814,1.11805e-05,0.999954,-0.00957122,-0.00116809,0.00957123,0.999954
-1.25547,-1.31659,-0.0473385,0.999968,0,-0.0079868,-4.48318e-05,0.999984,-0.00561305,0.00798668,0.00561323,0.999952
-1.19471,-1.3166,-0.0476603,0.999843,0,-0.0177321,-0.000102448,0.999983,-0.00577666,0.0177318,0.00577757,0.999826
-1.13437,-1.3168,-0.0480984,0.999321,0,-0.0368364,-0.000370557,0.999949,-0.0100527,0.0368345,0.0100595,0.999271
-1.07484,-1.31693,-0.0488188,0.997321,0,-0.0731429,-0.000950267,0.999916,-0.0129571,0.0731367,0.0129919,0.997237
-1.01428,-1.31379,-0.0478938,0.996176,0,-0.0873673,0.0047506,0.998521,0.0541671,0.0872381,-0.054375,0.994702
-0.947688,-1.309,-0.0402103,0.999607,0,0.0280247,-0.00440232,0.987585,0.157025,-0.0276768,-0.157087,0.987197
-0.878814,-1.32738,-0.0382699,0.980362,0,0.197205,0.04673,0.971519,-0.232309,-0.191588,0.236962,0.952441
-0.819234,-1.31763,-0.0559418,0.987692,0,0.156414,0.00437445,0.999609,-0.0276229,-0.156353,0.0279672,0.987305
-0.771939,-1.2895,-0.0196192,0.984799,0,-0.173699,0.0998399,0.818303,0.56605,0.142138,-0.574788,0.805864
-0.72226,-1.31161,0.0026548,0.920161,0,-0.391541,0.0395986,0.994873,0.0930607,0.389533,-0.101135,0.915443
-0.659717,-1.32812,-0.00379533,0.927662,0,-0.373421,-0.0944018,0.967518,-0.234515,0.361291,0.252803,0.89753
-0.592553,-1.3289,-0.0246144,0.970028,0,-0.242993,-0.065467,0.963023,-0.261345,0.234008,0.26942,0.934159
-0.524415,-1.32497,-0.0413366,0.996175,0,-0.0873781,-0.0161796,0.982707,-0.184459,0.0858671,0.185167,0.978948
-0.457862,-1.32039,-0.0506004,0.999596,0,0.0284187,0.00247163,0.996211,-0.0869368,-0.028311,0.0869719,0.995808
-0.395774,-1.31553,-0.0529035,0.998903,0,0.0468259,-0.000796195,0.999855,0.0169847,-0.0468191,-0.0170033,0.998759
-0.339078,-1.31226,-0.0490522,0.998728,0,-0.0504161,0.00439355,0.996196,0.0870349,0.0502243,-0.0871458,0.994929
-0.279427,-1.31336,-0.0439491,0.996457,0,-0.0840987,0.00534372,0.997979,0.063316,0.0839288,-0.0635411,0.994444
-0.215504,-1.31815,-0.043008,0.999659,0,-0.0261175,-0.00102292,0.999233,-0.0391529,0.0260974,0.0391662,0.998892
-0.155227,-1.32243,-0.0488676,0.998904,0,-0.0468146,-0.00612168,0.991413,-0.130621,0.0464126,0.130764,0.990326
-0.0991103,-1.3149,-0.0531993,0.987767,0,-0.155936,0.00477953,0.99953,0.0302757,0.155863,-0.0306506,0.987303
-0.0419416,-1.29801,-0.0348308,0.964535,0,-0.263955,0.103604,0.919749,0.378587,0.242772,-0.392507,0.88713
0.0167818,-1.29559,-0.000277993,0.943688,0,-0.330837,0.147038,0.895807,0.419415,0.296366,-0.444443,0.845363
0.0733066,-1.31406,0.0164227,0.917584,0,-0.397541,0.0192748,0.998824,0.044489,0.397074,-0.0484849,0.916505
0.130726,-1.32578,0.0110022,0.872429,0,-0.488741,-0.0989879,0.979275,-0.176699,0.478612,0.202536,0.854347
0.18672,-1.3177,0.0030684,0.806709,0,-0.590949,-0.0174018,0.999566,-0.0237554,0.590693,0.0294473,0.806359
0.245094,-1.31613,0.00640633,0.758402,0,-0.651788,0.00277605,0.999991,0.00323013,0.651782,-0.00425913,0.758395
0.311087,-1.32867,-0.00371223,0.82172,0,-0.569892,-0.150707,0.9644,-0.217302,0.549604,0.264448,0.792467
0.384788,-1.32323,-0.0308756,0.958413,0,-0.285385,-0.0422097,0.989002,-0.141753,0.282246,0.147904,0.947872
0.455728,-1.31552,-0.0348318,0.997253,0,-0.074064,0.00128383,0.99985,0.0172864,0.0740528,-0.017334,0.997104
0.531424,-1.31608,-0.0326076,0.971738,0,0.236062,-0.00125064,0.999986,0.00514821,-0.236059,-0.00529794,0.971724
0.600144,-1.31939,-0.0317191,0.917587,0,0.397535,0.0260618,0.997849,-0.0601557,-0.39668,0.0655586,0.915613
0.657962,-1.32155,-0.039103,0.945463,0,0.325728,0.0364394,0.993723,-0.105769,-0.323683,0.11187,0.939529
0.709422,-1.32012,-0.0480515,0.993387,0,0.114815,0.0093302,0.996693,-0.0807254,-0.114435,0.0812628,0.990101
0.762121,-1.31457,-0.0501135,0.997665,0,-0.0682983,0.00257067,0.999291,0.0375509,0.0682499,-0.0376388,0.996958
0.822456,-1.31103,-0.0444848,0.996131,0,-0.0878775,0.0099825,0.993527,0.113156,0.0873087,-0.113596,0.989683
0.887501,-1.31305,-0.0385642,0.999985,0,-0.005467,0.000383534,0.997536,0.0701534,0.00545353,-0.0701544,0.997521
0.953039,-1.32005,-0.0384051,0.996185,0,0.0872708,0.00696272,0.996812,-0.0794786,-0.0869926,0.079783,0.993009
1.01617,-1.32247,-0.0453173,0.99164,0,0.129038,0.0169886,0.991295,-0.130555,-0.127914,0.131656,0.983008
1.07655,-1.31757,-0.0515551,0.993966,0,0.109686,0.00293189,0.999643,-0.0265685,-0.109647,0.0267297,0.993611
1.1336,-1.30541,-0.0448209,0.999783,0,0.0208332,-0.00487518,0.972234,0.23396,-0.0202547,-0.23401,0.972023
1.18814,-1.29237,-0.0129081,0.989695,0,-0.143193,0.0734947,0.858235,0.507968,0.122893,-0.513257,0.849391
1.24209,-1.28771,0.0369371,0.935686,0,-0.352834,0.216324,0.790002,0.573674,0.278739,-0.613105,0.739194
1.29572,-1.28863,0.0935929,0.836125,0,-0.54854,0.325567,0.804822,0.496254,0.441477,-0.593516,0.672931
1.34916,-1.31587,0.122265,0.793586,0,-0.608458,0.00588955,0.999953,0.0076815,0.608429,-0.00967947,0.793549
1.43393,-1.35321,0.0844,0.985539,0,-0.169451,-0.133925,0.61266,-0.778917,0.103816,0.790346,0.6038
1.50529,-1.34603,0.00166563,0.989132,0,0.147029,0.0935893,0.771246,-0.62962,-0.113395,0.636537,0.762864
-1.5,-1.25151,-0.0465598,1,0,-5.52622e-05,4.24814e-06,0.997041,0.0768724,5.50987e-05,-0.0768724,0.997041
-1.43909,-1.25511,-0.0446217,0.999977,0,-0.00682696,-1.23242e-06,1,-0.000180518,0.00682696,0.000180522,0.999977
-1.37788,-1.25626,-0.0456065,0.999975,0,-0.00705454,-0.000174599,0.999694,-0.0247492,0.00705237,0.0247498,0.999669
-1.31625,-1.25573,-0.0469019,0.999999,0,0.00161522,2.16486e-05,0.99991,-0.0134029,-0.00161508,0.0134029,0.999909
-1.25456,-1.25519,-0.0473228,0.999931,0,0.0117083,2.09664e-05,0.999998,-0.0017906,-0.0117083,0.00179072,0.99993
-1.19271,-1.25506,-0.047292,0.999688,0,0.0249707,-2.36803e-05,1,0.000948028,-0.0249707,-0.000948324,0.999688
-1.1306,-1.25534,-0.0473454,0.999036,0,0.0438986,0.000227423,0.999987,-0.00517564,-0.043898,0.00518064,0.999023
-1.06813,-1.25568,-0.0479482,0.9975,0,0.0706734,0.000868189,0.999925,-0.0122538,-0.0706681,0.0122845,0.997424
-1.00591,-1.25141,-0.0463207,0.99574,0,0.0922032,-0.00729919,0.996862,0.0788269,-0.0919138,-0.0791642,0.992615
-0.945585,-1.24423,-0.0347205,0.997199,0,0.0747969,-0.0174232,0.972491,0.232287,-0.0727393,-0.23294,0.969767
-0.883527,-1.26187,-0.0292065,0.995798,0,0.0915784,0.0132778,0.989433,-0.144379,-0.0906107,0.144988,0.985276
-0.819936,-1.26457,-0.0445237,0.989531,0,0.144322,0.0292671,0.979222,-0.200667,-0.141324,0.20279,0.968971
-0.776393,-1.24585,-0.0408629,0.970181,0,-0.242381,0.0480382,0.980163,0.192283,0.237573,-0.198193,0.950936
-0.726582,-1.25398,-0.0290803,0.876008,0,-0.482297,0.011622,0.99971,0.0211094,0.482157,-0.0240973,0.875753
-0.660483,-1.25856,-0.0336981,0.925501,0,-0.378745,-0.0280728,0.997249,-0.0685986,0.377703,0.0741205,0.922955
-0.586546,-1.25694,-0.041267,0.994433,0,-0.10537,-0.00415559,0.999222,-0.0392187,0.105288,0.0394382,0.993659
-0.513707,-1.25497,-0.0419385,0.989635,0,0.143604,-0.000412492,0.999996,0.00284265,-0.143603,-0.00287242,0.989631
-0.446612,-1.25541,-0.0405476,0.963029,0,0.269399,0.0017546,0.999979,-0.00627222,-0.269393,0.00651301,0.963008
-0.386695,-1.25821,-0.0428308,0.9703,0,0.241906,0.0160866,0.997786,-0.0645244,-0.241371,0.0664995,0.968152
-0.334592,-1.25883,-0.0497749,0.998939,0,0.0460522,0.00367968,0.996803,-0.0798176,-0.0459049,0.0799024,0.995745
-0.279662,-1.25177,-0.0498057,0.996015,0,-0.0891905,0.0063654,0.99745,0.0710842,0.0889631,-0.0713686,0.993475
-0.216323,-1.25351,-0.0455526,0.999045,0,-0.0436829,0.00148949,0.999419,0.0340652,0.0436575,-0.0340978,0.998465
-0.149233,-1.26074,-0.0485895,0.996579,0,0.0826466,0.00997969,0.992683,-0.120338,-0.0820419,0.120751,0.989287
-0.0843671,-1.2572,-0.0548672,0.987081,0,0.160225,0.00720459,0.998989,-0.0443846,-0.160063,0.0449655,0.986082
-0.0280854,-1.24313,-0.0479489,0.99843,0,0.0560226,-0.0143735,0.966527,0.256163,-0.0541473,-0.256566,0.965009
0.0200972,-1.2409,-0.0255527,0.971622,0,-0.23654,0.0719767,0.95258,0.295654,0.225323,-0.304289,0.925547
0.0717994,-1.25719,-0.0140727,0.902924,0,-0.4298,-0.0191855,0.999003,-0.0403048,0.429372,0.0446381,0.902024
0.132997,-1.26671,-0.0248677,0.896078,0,-0.443897,-0.110392,0.968584,-0.222844,0.429951,0.248688,0.867926
0.194544,-1.26072,-0.040699,0.904659,0,-0.426136,-0.0513174,0.992722,-0.108943,0.423035,0.120425,0.898075
0.25517,-1.25496,-0.043943,0.900018,0,-0.435854,0.00132971,0.999995,0.00274579,0.435852,-0.00305082,0.900013
0.320042,-1.25596,-0.0453155,0.933811,0,-0.357768,-0.00658613,0.999831,-0.0171905,0.357707,0.018409,0.933652
0.390185,-1.2526,-0.0478471,0.985984,0,-0.166841,0.00895664,0.998558,0.0529313,0.1666,-0.0536838,0.984562
0.460151,-1.24025,-0.0343113,0.999761,0,0.0218565,-0.00695417,0.948032,0.318098,-0.0207207,-0.318174,0.947806
0.536098,-1.24087,-0.00894393,0.935609,0,0.353038,-0.10767,0.952358,0.285343,-0.336219,-0.304981,0.891035
0.605613,-1.25624,0.00398104,0.857778,0,0.514021,0.0125577,0.999702,-0.0209558,-0.513868,0.0244304,0.857522
0.662477,-1.26891,-0.00901399,0.897929,0,0.440141,0.130234,0.955222,-0.265689,-0.420432,0.295891,0.857721
0.713275,-1.27049,-0.0351185,0.977989,0,0.208657,0.0687852,0.944101,-0.322401,-0.196993,0.329657,0.92332
0.764813,-1.25831,-0.0530573,0.999944,0,-0.0105908,-0.000728974,0.997628,-0.068827,0.0105657,0.0688308,0.997572
0.824702,-1.24657,-0.0475306,0.999206,0,-0.0398531,0.00728615,0.983145,0.18268,0.0391813,-0.182825,0.982364
0.890039,-1.24597,-0.0343511,0.998754,0,0.0499114,-0.00976444,0.980677,0.195392,-0.0489469,-0.195636,0.979454
0.955768,-1.25539,-0.0281798,0.989364,0,0.145463,0.000897749,0.999981,-0.00610601,-0.14546,0.00617166,0.989345
1.01836,-1.26149,-0.0328321,0.9843,0,0.176502,0.0241645,0.990584,-0.134759,-0.17484,0.136908,0.975032
1.07775,-1.26024,-0.0418305,0.990662,0,0.136341,0.0149992,0.99393,-0.108985,-0.135513,0.110012,0.984649
1.1335,-1.25139,-0.0441989,0.999834,0,0.0182199,-0.00144949,0.99683,0.0795419,-0.0181622,-0.0795551,0.996665
1.18602,-1.23911,-0.0267358,0.983824,0,-0.179135,0.0613988,0.939426,0.337206,0.168285,-0.342751,0.924231
1.23756,-1.23479,0.00662521,0.908698,0,-0.417454,0.181706,0.900299,0.395531,0.375833,-0.435272,0.8181
1.28935,-1.23704,0.0449305,0.779159,0,-0.626826,0.242559,0.922095,0.301507,0.577993,-0.386965,0.718459
1.3444,-1.25,0.0699859,0.699382,0,-0.714748,0.078084,0.994015,0.0764052,0.71047,-0.109247,0.695196
1.41769,-1.27505,0.0535472,0.866192,0,-0.499711,-0.213644,0.903998,-0.370328,0.451738,0.427536,0.783036
1.4964,-1.2891,0.00781284,0.993653,0,-0.112485,-0.081951,0.684989,-0.723929,0.0770508,0.728553,0.680642
-1.49989,-1.19632,-0.0465513,0.999997,0,0.00229316,0.000119844,0.998633,-0.0522613,-0.00229002,0.0522614,0.998631
-1.44275,-1.19395,-0.0479233,0.99636,0,-0.0852432,-0.000134788,0.999999,-0.00157546,0.0852431,0.00158121,0.996359
-1.37954,-1.1931,-0.0474367,0.999089,0,-0.042677,0.000714423,0.99986,0.016725,0.042671,-0.0167402,0.998949
-1.31593,-1.19324,-0.0464789,0.999964,0,0.00847012,-0.000115589,0.999907,0.0136462,-0.00846933,-0.0136467,0.999871
-1.25372,-1.19343,-0.0457741,0.999561,0,0.0296326,-0.000282168,0.999955,0.00951801,-0.0296313,-0.0095222,0.999516
-1.19222,-1.19343,-0.045202,0.999369,0,0.035525,-0.000339363,0.999954,0.00954676,-0.0355234,-0.00955279,0.999323
-1.13056,-1.19324,-0.0444902,0.998998,0,0.0447492,-0.000614441,0.999906,0.013717,-0.044745,-0.0137308,0.998904
-1.06794,-1.19279,-0.0433131,0.997203,0,0.0747401,-0.00174638,0.999727,0.0233007,-0.0747197,-0.0233661,0.996931
-1.00639,-1.19129,-0.0409441,0.996647,0,0.0818212,-0.00454535,0.998456,0.055366,-0.0816949,-0.0555522,0.995108
-0.951983,-1.18941,-0.0358921,0.997907,0,-0.0646597,0.00619089,0.995406,0.0955455,0.0643626,-0.0957458,0.993323
-0.896366,-1.19637,-0.0328599,0.98278,0,-0.184782,-0.00985261,0.998577,-0.0524019,0.184519,0.0533201,0.981381
-0.827237,-1.20301,-0.0414662,0.999881,0,-0.0154267,-0.00301915,0.980662,-0.195686,0.0151284,0.19571,0.980545
-0.769909,-1.20083,-0.0535784,0.995013,0,-0.0997414,-0.0148545,0.988848,-0.148187,0.098629,0.14893,0.983917
-0.711055,-1.19025,-0.0559492,0.988703,0,-0.149889,0.0116669,0.996966,0.0769578,0.149434,-0.0778371,0.985703
-0.639829,-1.18404,-0.0457952,0.997795,0,0.0663718,-0.0139908,0.97753,0.210329,-0.0648805,-0.210794,0.975375
-0.567285,-1.18393,-0.0293098,0.949198,0,0.31468,-0.0670759,0.977018,0.202327,-0.307448,-0.213156,0.927384
-0.500222,-1.18753,-0.0155126,0.899645,0,0.436622,-0.059415,0.990698,0.122423,-0.43256,-0.136079,0.891277
-0.438025,-1.19402,-0.0105401,0.891307,0,0.453399,0.00135175,0.999996,-0.00265731,-0.453397,0.00298136,0.891303
-0.381154,-1.20397,-0.0182891,0.929493,0,0.36884,0.0797401,0.976351,-0.200948,-0.360118,0.216191,0.907511
-0.329442,-1.20839,-0.0396594,0.98639,0,0.16442,0.0511182,0.950443,-0.306669,-0.156272,0.3109,0.937508
-0.276867,-1.19417,-0.0534867,0.999577,0,-0.0290819,-0.000180049,0.999981,-0.00618848,0.0290813,0.0061911,0.999558
-0.215706,-1.1863,-0.0467859,0.999524,0,-0.0308494,0.00500599,0.986746,0.162195,0.0304405,-0.162272,0.986276
-0.141951,-1.18725,-0.0356801,0.970647,0,0.240507,-0.0341643,0.989859,0.137881,-0.238068,-0.142051,0.960804
-0.0680704,-1.19,-0.0231944,0.859554,0,0.511044,-0.0424524,0.996544,0.0714031,-0.509278,-0.0830699,0.856583
-0.00580368,-1.19303,-0.0189934,0.846933,0,0.531699,-0.00962122,0.999836,0.0153255,-0.531612,-0.0180952,0.846795
0.0416481,-1.19718,-0.0261968,0.971491,0,0.237077,0.0167672,0.997496,-0.0687083,-0.236483,0.0707246,0.969058
0.087938,-1.20211,-0.0344953,0.996392,0,-0.084876,-0.0149709,0.984321,-0.175749,0.0835452,0.176385,0.980769
0.150186,-1.2027,-0.0466036,0.99803,0,-0.0627446,-0.0118686,0.981947,-0.188784,0.0616119,0.189157,0.980012
0.218018,-1.19721,-0.0558888,0.99678,0,0.0801874,0.00573026,0.997443,-0.0712307,-0.0799823,0.0714609,0.994231
0.282324,-1.19274,-0.0566612,0.989275,0,0.146062,-0.0035589,0.999703,0.0241043,-0.146019,-0.0243656,0.988982
0.342566,-1.19204,-0.0544455,0.992151,0,0.125047,-0.00491267,0.999228,0.0389781,-0.124951,-0.0392864,0.991385
0.400707,-1.18949,-0.0510876,0.998249,0,0.05915,-0.00556049,0.995572,0.093842,-0.0588881,-0.0940066,0.993828
0.463356,-1.17072,-0.02588,0.994683,0,0.10298,-0.0511075,0.868158,0.493649,-0.0894025,-0.496288,0.863543
0.531886,-1.16966,0.016653,0.957711,0,0.28773,-0.149309,0.854823,0.496976,-0.245958,-0.51892,0.818673
0.600892,-1.19257,0.0358156,0.910797,0,0.412855,-0.0115921,0.999606,0.0255731,-0.412693,-0.0280777,0.910437
0.659339,-1.21402,0.0222141,0.920165,0,0.391532,0.169016,0.902027,-0.397215,-0.353172,0.431679,0.830014
0.714764,-1.21739,-0.0147386,0.964242,0,0.265022,0.133542,0.863767,-0.485873,-0.228917,0.503891,0.832881
0.769387,-1.20429,-0.0489442,0.995967,0,0.0897169,0.0200239,0.974775,-0.22229,-0.0874538,0.22319,0.970844
0.823876,-1.18726,-0.0509155,0.998347,0,-0.0574692,0.00815397,0.989883,0.14165,0.0568878,-0.141884,0.988247
0.881217,-1.18368,-0.0370581,0.989641,0,-0.143566,0.0313756,0.975827,0.216281,0.140096,-0.218545,0.965718
0.941698,-1.19199,-0.028924,0.987733,0,-0.156152,0.00632287,0.99918,0.0399952,0.156024,-0.0404919,0.986923
1.00516,-1.19892,-0.0317381,0.994072,0,-0.108727,-0.0117485,0.994145,-0.107415,0.10809,0.108055,0.988251
1.06893,-1.19989,-0.0398218,0.998537,0,-0.0540749,-0.00696882,0.991661,-0.128685,0.0536239,0.128873,0.99021
1.13026,-1.19487,-0.0455067,0.998683,0,-0.0513085,-0.00109603,0.999772,-0.0213334,0.0512968,0.0213616,0.998455
1.18679,-1.18634,-0.0397605,0.988102,0,-0.153801,0.0248319,0.98688,0.159534,0.151783,-0.161455,0.975138
1.2395,-1.18341,-0.0237709,0.939345,0,-0.342975,0.0769169,0.974528,0.210661,0.334239,-0.224264,0.915418
1.29157,-1.18608,-0.00557513,0.842931,0,-0.538022,0.0898873,0.985945,0.140828,0.53046,-0.16707,0.831083
1.34672,-1.19067,0.00744462,0.749395,0,-0.662123,0.0454496,0.997641,0.0514402,0.660561,-0.0686423,0.747628
1.40797,-1.19823,0.00786576,0.748599,0,-0.663023,-0.0618319,0.995642,-0.0698125,0.660134,0.0932575,0.745337
1.48366,-1.21741,-0.0160155,0.91412,0,-0.405443,-0.204432,0.863575,-0.460917,0.350131,0.50422,0.789412
-1.49999,-1.14154,-0.0456588,1,0,0.000218299,4.15866e-05,0.981687,-0.190503,-0.000214302,0.190503,0.981687
-1.43763,-1.13202,-0.0509925,0.999698,0,0.0245892,-0.00033523,0.999907,0.0136291,-0.0245869,-0.0136332,0.999605
-1.37664,-1.13073,-0.0486912,0.99981,0,0.0194838,-0.00080369,0.999149,0.0412414,-0.0194672,-0.0412492,0.998959
-1.31718,-1.13139,-0.046571,0.999834,0,-0.0182057,0.000493806,0.999632,0.0271192,0.018199,-0.0271237,0.999466
-1.25623,-1.13174,-0.0452124,0.999708,0,-0.0241636,0.000470979,0.99981,0.0194856,0.024159,-0.0194913,0.999518
-1.19395,-1.13149,-0.0439268,0.999999,0,-0.00146647,3.65514e-05,0.999689,0.0249247,0.00146601,-0.0249248,0.999688
-1.13073,-1.13063,-0.0418317,0.99915,0,0.0412206,-0.00178716,0.99906,0.0433192,-0.0411818,-0.043356,0.998211
-1.06704,-1.12952,-0.0380941,0.995551,0,0.0942282,-0.00633304,0.997739,0.0669105,-0.0940152,-0.0672095,0.9933
-1.00516,-1.13246,-0.0353403,0.994149,0,0.108016,-0.000455581,0.999991,0.00419304,-0.108015,-0.00421772,0.99414
-0.950058,-1.13908,-0.0395178,0.999728,0,-0.0233392,-0.00321232,0.990483,-0.137599,0.0231171,0.137636,0.990213
-0.894812,-1.13254,-0.0454331,0.988502,0,-0.151209,0.000374301,0.999997,0.00244692,0.151209,-0.00247539,0.988499
-0.826906,-1.13413,-0.0440562,0.999968,0,-0.00805797,-0.00025494,0.999499,-0.0316373,0.00805393,0.0316383,0.999467
-0.761408,-1.14264,-0.0536322,0.996336,0,0.0855195,0.0183075,0.976817,-0.21329,-0.083537,0.214074,0.973239
-0.699376,-1.12491,-0.0562166,0.99476,0,0.102241,-0.0169634,0.98614,0.165046,-0.100824,-0.165915,0.980972
-0.637816,-1.11601,-0.0354438,0.993293,0,0.115627,-0.0412492,0.934203,0.35435,-0.108019,-0.356742,0.927937
-0.576723,-1.11762,-0.0126293,0.993806,0,0.111129,-0.0358086,0.946663,0.320229,-0.105202,-0.322225,0.940799
-0.51655,-1.12439,0.00187434,0.996466,0,0.0840007,-0.0148785,0.984189,0.176498,-0.0826725,-0.177124,0.98071
-0.456769,-1.135,0.00543447,0.998657,0,0.0518003,0.00260354,0.998736,-0.0501936,-0.0517348,0.0502611,0.997395
-0.396422,-1.14808,-0.00395597,0.99939,0,0.0349131,0.0115419,0.943774,-0.330389,-0.0329501,0.33059,0.943199
-0.33529,-1.15314,-0.0302553,0.999406,0,0.0344482,0.0151217,0.898503,-0.438708,-0.0309518,0.438968,0.897969
-0.278262,-1.13933,-0.0551362,0.998223,0,-0.0595886,-0.00852059,0.989724,-0.142736,0.0589763,0.14299,0.987965
-0.221571,-1.12172,-0.0506557,0.987023,0,-0.160577,0.0376142,0.972178,0.231204,0.156109,-0.234244,0.959562
-0.153152,-1.1114,-0.0225736,0.999998,0,-0.00217626,0.000991061,0.890289,0.455396,0.0019375,-0.455397,0.890286
-0.07904,-1.11679,0.00634811,0.956549,0,0.291573,-0.0990996,0.940469,0.325111,-0.274215,-0.33988,0.899604
-0.0129562,-1.13906,0.0140982,0.924179,0,0.38196,0.0524328,0.990533,-0.126865,-0.378344,0.137273,0.91543
0.0390279,-1.15173,-0.00601326,0.980283,0,0.197599,0.0807737,0.912635,-0.400716,-0.180336,0.408776,0.89464
0.0923736,-1.14554,-0.0340261,0.999928,0,0.0119706,0.00330506,0.961129,-0.276079,-0.0115053,0.276098,0.961061
0.155881,-1.1354,-0.0455894,0.998166,0,0.0605352,0.00356608,0.998263,-0.0588011,-0.06043,0.0589091,0.996433
0.222092,-1.13102,-0.045151,0.985891,0,0.167389,-0.00585657,0.999388,0.0344941,-0.167287,-0.0349877,0.985287
0.284555,-1.13111,-0.0423875,0.981016,0,0.193925,-0.00640191,0.999455,0.0323856,-0.19382,-0.0330122,0.980482
0.34412,-1.13477,-0.042748,0.987372,0,0.158416,0.00719348,0.998968,-0.0448354,-0.158253,0.0454088,0.986354
0.402321,-1.13162,-0.0453644,0.99562,0,0.0934953,-0.00206263,0.999757,0.0219647,-0.0934726,-0.0220613,0.995377
0.459557,-1.10856,-0.0211306,0.999956,0,0.00933403,-0.00481832,0.856462,0.516188,-0.00799424,-0.51621,0.856424
0.516758,-1.10577,0.0248135,0.995411,0,-0.0956902,0.0551163,0.817459,0.573344,0.0782228,-0.575987,0.813708
0.575185,-1.12917,0.0441448,0.990354,0,-0.138559,0.01035,0.997206,0.0739773,0.138172,-0.0746978,0.987587
0.639644,-1.15448,0.0327895,0.996961,0,-0.0779026,-0.0364319,0.883909,-0.466238,0.0688588,0.46766,0.881222
0.704737,-1.15859,-0.00398217,0.999857,0,0.0169048,0.00939727,0.831253,-0.555814,-0.0140522,0.555894,0.831135
0.767708,-1.14783,-0.0425101,0.998517,0,0.0544343,0.0176997,0.94566,-0.324675,-0.0514764,0.325157,0.944258
0.825896,-1.13196,-0.053999,0.999907,0,-0.0136061,0.000201808,0.99989,0.0148308,0.0136046,-0.0148322,0.999797
0.882301,-1.12619,-0.0472832,0.993012,0,-0.118011,0.0163357,0.990373,0.137458,0.116875,-0.138425,0.983453
0.941013,-1.13038,-0.0406838,0.985286,0,-0.170916,0.00833999,0.998809,0.0480777,0.170713,-0.0487957,0.984112
1.00359,-1.13464,-0.0410472,0.989877,0,-0.14193,-0.0060421,0.999093,-0.04214,0.141802,0.0425709,0.988979
1.06778,-1.13589,-0.0450953,0.996928,0,-0.0783234,-0.00543326,0.997591,-0.0691565,0.0781347,0.0693696,0.994526
1.13096,-1.13408,-0.0487046,0.99934,0,-0.0363309,-0.0011081,0.999535,-0.0304801,0.036314,0.0305002,0.998875
1.19064,-1.13053,-0.0479584,0.997585,0,-0.0694584,0.00316351,0.998962,0.0454354,0.0693863,-0.0455454,0.99655
1.24715,-1.13016,-0.0439121,0.985341,0,-0.170595,0.00913144,0.998566,0.0527425,0.17035,-0.0535271,0.983929
1.30288,-1.13321,-0.0410422,0.957573,0,-0.288191,-0.00343271,0.999929,-0.0114059,0.28817,0.0119112,0.957505
1.35955,-1.13566,-0.0421299,0.922257,0,-0.386576,-0.0248981,0.997924,-0.0593995,0.385774,0.0644066,0.920343
1.41795,-1.135,-0.0452368,0.894626,0,-0.446816,-0.0224979,0.998732,-0.0450459,0.446249,0.0503516,0.893491
1.48761,-1.12998,-0.0488809,0.963964,0,-0.266034,0.0152655,0.998352,0.0553139,0.265596,-0.0573817,0.962375
-1.50018,-1.07075,-0.0466368,0.999993,0,-0.0038122,5.54276e-05,0.999894,0.0145394,0.0038118,-0.0145395,0.999887
-1.43131,-1.06922,-0.0430255,0.987095,0,0.160136,-0.00757401,0.998881,0.046687,-0.159957,-0.0472973,0.98599
-1.37339,-1.07485,-0.0441579,0.995986,0,0.0895087,0.00655859,0.997312,-0.0729791,-0.0892681,0.0732733,0.993309
-1.31795,-1.07326,-0.0486662,0.999391,0,-0.0348838,-0.00136976,0.999229,-0.0392425,0.0348569,0.0392664,0.998621
-1.25831,-1.07011,-0.0488498,0.997627,0,-0.0688462,0.00194971,0.999599,0.0282526,0.0688186,-0.0283198,0.997227
-1.19553,-1.06774,-0.0454207,0.999371,0,-0.0354618,0.00280243,0.996872,0.078977,0.0353509,-0.0790267,0.996245
-1.13128,-1.06617,-0.0392911,0.99956,0,0.0296516,-0.00334129,0.993631,0.112636,-0.0294627,-0.112685,0.993194
-1.06725,-1.06582,-0.0315816,0.995925,0,0.0901835,-0.0108445,0.992744,0.119759,-0.0895291,-0.120249,0.988699
-1.00471,-1.07202,-0.027543,0.99305,0,0.117693,0.00150292,0.999918,-0.012681,-0.117684,0.0127698,0.992969
-0.944625,-1.08325,-0.0351031,0.995338,0,0.0964527,0.0244294,0.967393,-0.252098,-0.0933077,0.253279,0.962883
-0.885368,-1.07139,-0.0480795,0.998691,0,0.0511513,-3.86633e-05,1,0.000754872,-0.0511512,-0.000755862,0.998691
-0.823627,-1.067,-0.0411531,0.998044,0,0.0625122,-0.00593519,0.995483,0.0947588,-0.0622298,-0.0949445,0.993536
-0.757279,-1.07806,-0.0440382,0.984785,0,0.173775,0.0246922,0.989853,-0.139931,-0.172012,0.142093,0.974793
-0.697318,-1.06823,-0.0476586,0.989392,0,0.145271,-0.00995005,0.997652,0.0677663,-0.14493,-0.0684929,0.987068
-0.647505,-1.06233,-0.0381131,0.994831,0,-0.101547,0.0198041,0.980799,0.194015,0.0995973,-0.195024,0.975729
-0.598287,-1.06358,-0.0230714,0.932162,0,-0.36204,0.0608931,0.985754,0.156784,0.356883,-0.168194,0.918883
-0.543563,-1.06757,-0.0117758,0.867247,0,-0.497878,0.0411759,0.996574,0.0717237,0.496173,-0.0827027,0.864276
-0.483555,-1.07277,-0.00910627,0.852661,0,-0.522464,-0.0150263,0.999586,-0.0245229,0.522248,0.0287605,0.852308
-0.417388,-1.07996,-0.0179972,0.905914,0,-0.423463,-0.0774154,0.983147,-0.165615,0.416326,0.182815,0.890646
