x,y,z,tau1_x,tau1_y,tau1_z,tau2_x,tau2_y,tau2_z,normal_x,normal_y,normal_z
-1,-1,0.000619075,0.999984,0,-0.00573823,-4.03621e-05,0.999975,-0.00703379,0.00573808,0.0070339,0.999959
-0.9,-1,4.1252e-05,1,0,-0.000382373,-1.75249e-06,0.999989,-0.00458319,0.000382369,0.00458319,0.999989
-0.8,-1,-0.000309769,0.999996,0,0.00287129,7.17288e-06,0.999997,-0.00249812,-0.00287128,0.00249813,0.999993
-0.7,-1,-0.000470574,0.99999,0,0.0043618,3.39756e-06,1,-0.000778926,-0.0043618,0.000778934,0.99999
-0.6,-1,-0.000477753,0.99999,0,0.00442834,-2.5436e-06,1,0.000574386,-0.00442834,-0.000574392,0.99999
-0.5,-1,-0.000367891,0.999994,0,0.00341003,-5.32596e-06,0.999999,0.00156184,-0.00341002,-0.00156185,0.999993
-0.4,-1,-0.000177576,0.999999,0,0.00164598,-3.59391e-06,0.999998,0.00218345,-0.00164598,-0.00218345,0.999996
-0.3,-1,5.66052e-05,1,0,-0.000524685,1.2798e-06,0.999997,0.00243917,0.000524683,-0.00243917,0.999997
-0.2,-1,0.000298065,0.999996,0,-0.00276281,6.43461e-06,0.999997,0.002329,0.0027628,-0.00232901,0.999993
-0.1,-1,0.000510215,0.999989,0,-0.00472923,8.76317e-06,0.999998,0.00185296,0.00472922,-0.00185298,0.999987
0,-1,0.00065647,0.999981,0,-0.00608483,6.15231e-06,0.999999,0.00101107,0.00608483,-0.00101109,0.999981
0.1,-1,0.000700241,0.999979,0,-0.00649053,-1.2764e-06,1,-0.000196651,0.00649053,0.000196655,0.999979
0.2,-1,0.000604942,0.999984,0,-0.00560724,-9.92632e-06,0.999998,-0.00177024,0.00560723,0.00177027,0.999983
0.3,-1,0.000333985,0.999995,0,-0.00309576,-1.14846e-05,0.999993,-0.00370975,0.00309574,0.00370977,0.999988
0.4,-1,-0.000149216,0.999999,0,0.00138311,8.31955e-06,0.999982,-0.00601508,-0.00138309,0.00601509,0.999981
0.5,-1,-0.00088125,0.999967,0,0.00816821,7.09477e-05,0.999962,-0.00868555,-0.0081679,0.00868584,0.999929
0.6,-1,-0.0018987,0.999845,0,0.0175967,0.000206251,0.999931,-0.0117192,-0.0175955,0.011721,0.999776
0.7,-1,-0.00323816,0.99955,0,0.0300017,0.000453567,0.999886,-0.0151112,-0.0299982,0.0151181,0.999436
0.8,-1,-0.00493622,0.998955,0,0.0457069,0.000862598,0.999822,-0.0188526,-0.0456988,0.0188724,0.998777
0.9,-1,-0.00702945,0.997884,0,0.0650195,0.00149385,0.999736,-0.0229268,-0.0650023,0.0229754,0.997621
1,-1,-0.00955446,0.996101,0,0.0882168,0.00241831,0.999624,-0.0273063,-0.0881837,0.0274132,0.995727
-1,-0.9,0.00010482,0.99999,0,-0.0045639,-5.43559e-06,0.999999,-0.00119099,0.00456389,0.001191,0.999989
-0.9,-0.9,6.98467e-06,1,0,-0.000304118,-2.36002e-07,1,-0.000776021,0.000304118,0.000776021,1
-0.8,-0.9,-5.24492e-05,0.999997,0,0.00228367,9.65946e-07,1,-0.000422978,-0.00228367,0.000422979,0.999997
-0.7,-0.9,-7.96764e-05,0.999994,0,0.00346915,4.57537e-07,1,-0.000131887,-0.00346915,0.000131887,0.999994
-0.6,-0.9,-8.08918e-05,0.999994,0,0.00352207,-3.42538e-07,1,9.72542e-05,-0.00352207,-9.72548e-05,0.999994
-0.5,-0.9,-6.22902e-05,0.999996,0,0.00271215,-7.17228e-07,1,0.000264449,-0.00271215,-0.00026445,0.999996
-0.4,-0.9,-3.00666e-05,0.999999,0,0.00130912,-4.83978e-07,1,0.000369697,-0.00130912,-0.000369697,0.999999
-0.3,-0.9,9.58424e-06,1,0,-0.000417305,1.72345e-07,1,0.000412995,0.000417305,-0.000412995,1
-0.2,-0.9,5.04675e-05,0.999998,0,-0.00219739,8.66526e-07,1,0.000394343,0.00219739,-0.000394344,0.999998
-0.1,-0.9,8.63883e-05,0.999993,0,-0.00376138,1.18011e-06,1,0.000313741,0.00376138,-0.000313744,0.999993
0,-0.9,0.000111152,0.999988,0,-0.00483957,8.28516e-07,1,0.000171194,0.00483957,-0.000171196,0.999988
0.1,-0.9,0.000118563,0.999987,0,-0.00516225,-1.7189e-07,1,-3.3297e-05,0.00516225,3.32974e-05,0.999987
0.2,-0.9,0.000102427,0.99999,0,-0.00445971,-1.33675e-06,1,-0.000299737,0.00445971,0.00029974,0.99999
0.3,-0.9,5.65495e-05,0.999997,0,-0.0024622,-1.54659e-06,1,-0.000628132,0.0024622,0.000628134,0.999997
0.4,-0.9,-2.52649e-05,0.999999,0,0.00110005,1.12038e-06,0.999999,-0.00101848,-0.00110005,0.00101848,0.999999
0.5,-0.9,-0.000149211,0.999979,0,0.00649662,9.5548e-06,0.999999,-0.0014707,-0.00649661,0.00147074,0.999978
0.6,-0.9,-0.000321483,0.999902,0,0.0139963,2.77799e-05,0.999998,-0.00198461,-0.0139962,0.00198481,0.9999
0.7,-0.9,-0.000548277,0.999715,0,0.0238656,6.11068e-05,0.999997,-0.00255973,-0.0238655,0.00256046,0.999712
0.8,-0.9,-0.000835787,0.999339,0,0.0363667,0.000116272,0.999995,-0.00319508,-0.0363665,0.0031972,0.999333
0.9,-0.9,-0.00119021,0.99866,0,0.0517531,0.000201535,0.999992,-0.00388894,-0.0517527,0.00389416,0.998652
1,-0.9,-0.00161773,0.997528,0,0.0702633,0.000326716,0.999989,-0.00463838,-0.0702625,0.00464988,0.997518
-1,-0.8,-0.000297149,0.999994,0,-0.00349258,1.1792e-05,0.999994,0.00337627,0.00349256,-0.00337629,0.999988
-0.9,-0.8,-1.98005e-05,1,0,-0.000232729,5.1198e-07,0.999998,0.0021999,0.000232729,-0.0021999,0.999998
-0.8,-0.8,0.000148685,0.999998,0,0.0017476,-2.09552e-06,0.999999,0.00119908,-0.0017476,-0.00119908,0.999998
-0.7,-0.8,0.00022587,0.999996,0,0.00265481,-9.92584e-07,1,0.00037388,-0.00265481,-0.000373882,0.999996
-0.6,-0.8,0.000229316,0.999996,0,0.00269531,7.43104e-07,1,-0.000275702,-0.00269531,0.000275703,0.999996
-0.5,-0.8,0.000176583,0.999998,0,0.00207551,1.55596e-06,1,-0.000749673,-0.00207551,0.000749675,0.999998
-0.4,-0.8,8.52342e-05,0.999999,0,0.00100182,1.04994e-06,0.999999,-0.00104803,-0.00100182,0.00104803,0.999999
-0.3,-0.8,-2.71699e-05,1,0,-0.000319347,-3.73884e-07,0.999999,-0.00117078,0.000319347,0.00117078,0.999999
-0.2,-0.8,-0.000143068,0.999999,0,-0.00168157,-1.87984e-06,0.999999,-0.0011179,0.00168157,0.0011179,0.999998
-0.1,-0.8,-0.000244897,0.999996,0,-0.00287845,-2.56014e-06,1,-0.000889413,0.00287844,0.000889417,0.999995
0,-0.8,-0.000315098,0.999993,0,-0.00370355,-1.7974e-06,1,-0.000485314,0.00370355,0.000485317,0.999993
0.1,-0.8,-0.000336108,0.999992,0,-0.00395049,3.72901e-07,1,9.43928e-05,0.00395049,-9.43935e-05,0.999992
0.2,-0.8,-0.000290365,0.999994,0,-0.00341285,2.89997e-06,1,0.000849714,0.00341285,-0.000849719,0.999994
0.3,-0.8,-0.000160309,0.999998,0,-0.00188423,3.35517e-06,0.999998,0.00178066,0.00188422,-0.00178066,0.999997
0.4,-0.8,7.16221e-05,1,0,0.000841827,-2.43053e-06,0.999996,0.00288721,-0.000841823,-0.00288721,0.999995
0.5,-0.8,0.00042299,0.999988,0,0.00497165,-2.07284e-05,0.999991,0.00416926,-0.00497161,-0.00416931,0.999979
0.6,-0.8,0.000911356,0.999943,0,0.0107112,-6.02696e-05,0.999984,0.00562645,-0.010711,-0.00562678,0.999927
0.7,-0.8,0.00155428,0.999833,0,0.0182656,-0.000132593,0.999974,0.00725798,-0.0182651,-0.00725919,0.999807
0.8,-0.8,0.00236933,0.999612,0,0.0278376,-0.000252368,0.999959,0.00906221,-0.0278365,-0.00906572,0.999571
0.9,-0.8,0.00337406,0.999215,0,0.0396266,-0.000437671,0.999939,0.0110362,-0.0396242,-0.0110449,0.999154
1,-0.8,0.00458603,0.99855,0,0.0538248,-0.000710174,0.999913,0.0131751,-0.0538201,-0.0131942,0.998463
-1,-0.7,-0.000597136,0.999997,0,-0.0025243,1.71267e-05,0.999977,0.00678471,0.00252424,-0.00678474,0.999974
-0.9,-0.7,-3.97901e-05,1,0,-0.000168207,7.43605e-07,0.99999,0.00442077,0.000168205,-0.00442077,0.99999
-0.8,-0.7,0.000298791,0.999999,0,0.0012631,-3.04357e-06,0.999997,0.00240961,-0.00126309,-0.00240961,0.999996
-0.7,-0.7,0.000453898,0.999998,0,0.00191879,-1.44165e-06,1,0.000751334,-0.00191879,-0.000751336,0.999998
-0.6,-0.7,0.000460822,0.999998,0,0.00194806,1.0793e-06,1,-0.00055404,-0.00194806,0.000554041,0.999998
-0.5,-0.7,0.000354853,0.999999,0,0.00150009,2.2599e-06,0.999999,-0.00150651,-0.00150009,0.00150651,0.999998
-0.4,-0.7,0.000171283,1,0,0.000724073,1.52495e-06,0.999998,-0.00210607,-0.000724072,0.00210607,0.999998
-0.3,-0.7,-5.45992e-05,1,0,-0.000230811,-5.43036e-07,0.999997,-0.00235273,0.00023081,0.00235273,0.999997
-0.2,-0.7,-0.000287502,0.999999,0,-0.00121537,-2.73031e-06,0.999997,-0.00224648,0.00121537,0.00224648,0.999997
-0.1,-0.7,-0.000492134,0.999998,0,-0.00208042,-3.7184e-06,0.999998,-0.00178733,0.00208042,0.00178733,0.999996
0,-0.7,-0.000633206,0.999996,0,-0.00267678,-2.61059e-06,1,-0.00097527,0.00267678,0.000975273,0.999996
0.1,-0.7,-0.000675426,0.999996,0,-0.00285526,5.41612e-07,1,0.000189689,0.00285526,-0.000189689,0.999996
0.2,-0.7,-0.000583504,0.999997,0,-0.00246667,4.21198e-06,0.999999,0.00170755,0.00246667,-0.00170756,0.999995
0.3,-0.7,-0.000322149,0.999999,0,-0.00136184,4.8731e-06,0.999994,0.00357831,0.00136183,-0.00357832,0.999993
0.4,-0.7,0.000143928,1,0,0.000608437,-3.53011e-06,0.999983,0.00580193,-0.000608427,-0.00580193,0.999983
0.5,-0.7,0.00085002,0.999994,0,0.00359332,-3.01058e-05,0.999965,0.00837822,-0.00359319,-0.00837828,0.999958
0.6,-0.7,0.00183142,0.99997,0,0.00774183,-8.75373e-05,0.999936,0.0113067,-0.00774133,-0.0113071,0.999906
0.7,-0.7,0.00312341,0.999913,0,0.0132026,-0.000192596,0.999894,0.0145864,-0.0132012,-0.0145877,0.999806
0.8,-0.7,0.00476129,0.999797,0,0.0201236,-0.000366634,0.999834,0.0182154,-0.0201203,-0.0182191,0.999632
0.9,-0.7,0.00678034,0.999589,0,0.0286512,-0.000636041,0.999754,0.0221904,-0.0286441,-0.0221995,0.999343
1,-0.7,0.00921586,0.999242,0,0.0389292,-0.00103263,0.999648,0.0265056,-0.0389155,-0.0265257,0.99889
-1,-0.6,-0.000805445,0.999999,0,-0.00165905,1.51826e-05,0.999958,0.0091514,0.00165898,-0.00915142,0.999957
-0.9,-0.6,-5.36707e-05,1,0,-0.000110551,6.59203e-07,0.999982,0.0059629,0.000110549,-0.0059629,0.999982
-0.8,-0.6,0.000403023,1,0,0.000830145,-2.69813e-06,0.999995,0.00325019,-0.00083014,-0.00325019,0.999994
-0.7,-0.6,0.000612239,0.999999,0,0.00126109,-1.27803e-06,0.999999,0.00101344,-0.00126108,-0.00101344,0.999999
-0.6,-0.6,0.000621578,0.999999,0,0.00128032,9.56807e-07,1,-0.000747316,-0.00128032,0.000747317,0.999999
-0.5,-0.6,0.000478643,1,0,0.000985905,2.00341e-06,0.999998,-0.00203205,-0.000985903,0.00203205,0.999997
-0.4,-0.6,0.000231034,1,0,0.000475883,1.35187e-06,0.999996,-0.00284077,-0.000475881,0.00284077,0.999996
-0.3,-0.6,-7.3646e-05,1,0,-0.000151696,-4.81402e-07,0.999995,-0.00317347,0.000151695,0.00317347,0.999995
-0.2,-0.6,-0.000387796,1,0,-0.000798779,-2.42043e-06,0.999995,-0.00303016,0.000798776,0.00303016,0.999995
-0.1,-0.6,-0.000663814,0.999999,0,-0.00136732,-3.29638e-06,0.999997,-0.00241083,0.00136731,0.00241084,0.999996
0,-0.6,-0.000854098,0.999998,0,-0.00175926,-2.3143e-06,0.999999,-0.00131549,0.00175926,0.0013155,0.999998
0.1,-0.6,-0.000911046,0.999998,0,-0.00187656,4.80143e-07,1,0.000255862,0.00187656,-0.000255863,0.999998
0.2,-0.6,-0.000787058,0.999999,0,-0.00162118,3.73395e-06,0.999997,0.00230323,0.00162117,-0.00230323,0.999996
0.3,-0.6,-0.000434531,1,0,-0.000895043,4.32e-06,0.999988,0.00482658,0.000895033,-0.00482658,0.999988
0.4,-0.6,0.000194137,1,0,0.000399883,-3.12941e-06,0.999969,0.00782581,-0.000399871,-0.00782581,0.999969
0.5,-0.6,0.00114655,0.999997,0,0.00236165,-2.66883e-05,0.999936,0.0113007,-0.00236149,-0.0113007,0.999933
0.6,-0.6,0.0024703,0.999987,0,0.00508825,-7.76007e-05,0.999884,0.0152508,-0.00508766,-0.015251,0.999871
0.7,-0.6,0.004213,0.999962,0,0.00867759,-0.000170739,0.999806,0.0196751,-0.00867591,-0.0196758,0.999769
0.8,-0.6,0.00642225,0.999913,0,0.0132274,-0.000325053,0.999698,0.0245722,-0.0132234,-0.0245743,0.999611
0.9,-0.6,0.00914565,0.999823,0,0.0188348,-0.000564001,0.999552,0.0299393,-0.0188264,-0.0299446,0.999374
1,-0.6,0.0124308,0.999672,0,0.0255965,-0.000915951,0.99936,0.0357725,-0.0255801,-0.0357842,0.999032
-1,-0.5,-0.00093238,1,0,-0.000896834,9.50062e-06,0.999944,0.0105935,0.000896784,-0.0105935,0.999943
-0.9,-0.5,-6.21291e-05,1,0,-5.97605e-05,4.12502e-07,0.999976,0.00690259,5.97591e-05,-0.00690259,0.999976
-0.8,-0.5,0.000466539,1,0,0.000448752,-1.68839e-06,0.999993,0.00376241,-0.000448749,-0.00376241,0.999993
-0.7,-0.5,0.000708726,1,0,0.000681707,-7.99746e-07,0.999999,0.00117315,-0.000681706,-0.00117315,0.999999
-0.6,-0.5,0.000719537,1,0,0.000692105,5.98735e-07,1,-0.000865092,-0.000692105,0.000865092,0.999999
-0.5,-0.5,0.000554075,1,0,0.000532952,1.25366e-06,0.999997,-0.0023523,-0.00053295,0.0023523,0.999997
-0.4,-0.5,0.000267444,1,0,0.000257248,8.45951e-07,0.999995,-0.00328846,-0.000257247,0.00328846,0.999995
-0.3,-0.5,-8.52524e-05,1,0,-8.20022e-05,-3.01243e-07,0.999993,-0.00367359,8.20017e-05,0.00367359,0.999993
-0.2,-0.5,-0.000448911,1,0,-0.000431797,-1.51461e-06,0.999994,-0.0035077,0.000431794,0.0035077,0.999994
-0.1,-0.5,-0.000768429,1,0,-0.000739133,-2.06275e-06,0.999996,-0.00279078,0.00073913,0.00279078,0.999996
0,-0.5,-0.000988701,1,0,-0.000951007,-1.44821e-06,0.999999,-0.00152282,0.000951006,0.00152282,0.999998
0.1,-0.5,-0.00105462,0.999999,0,-0.00101442,3.00456e-07,1,0.000296186,0.00101442,-0.000296186,0.999999
0.2,-0.5,-0.000911096,1,0,-0.000876361,2.33657e-06,0.999996,0.00266622,0.000876358,-0.00266622,0.999996
0.3,-0.5,-0.000503011,1,0,-0.000483834,2.70329e-06,0.999984,0.00558722,0.000483827,-0.00558722,0.999984
0.4,-0.5,0.000224733,1,0,0.000216165,-1.95825e-06,0.999959,0.00905904,-0.000216156,-0.00905904,0.999959
0.5,-0.5,0.00132724,0.999999,0,0.00127664,-1.67003e-05,0.999914,0.0130814,-0.00127653,-0.0130814,0.999914
0.6,-0.5,0.00285961,0.999996,0,0.00275058,-4.85586e-05,0.999844,0.0176539,-0.00275015,-0.0176539,0.99984
0.7,-0.5,0.00487696,0.999989,0,0.00469098,-0.000106841,0.999741,0.0227756,-0.00468976,-0.0227758,0.99973
0.8,-0.5,0.00743438,0.999974,0,0.00715076,-0.000203411,0.999595,0.0284453,-0.00714787,-0.028446,0.99957
0.9,-0.5,0.010587,0.999948,0,0.0101828,-0.000352966,0.999399,0.0346611,-0.0101767,-0.0346629,0.999347
1,-0.5,0.0143898,0.999904,0,0.0138399,-0.000573309,0.999142,0.0414203,-0.013828,-0.0414243,0.999046
-1,-0.4,-0.000988246,1,0,-0.000237659,2.66847e-06,0.999937,0.0112282,0.000237644,-0.0112282,0.999937
-0.9,-0.4,-6.58517e-05,1,0,-1.58364e-05,1.15861e-07,0.999973,0.00731616,1.58359e-05,-0.00731616,0.999973
-0.8,-0.4,0.000494492,1,0,0.000118918,-4.74227e-07,0.999992,0.00398784,-0.000118917,-0.00398784,0.999992
-0.7,-0.4,0.000751191,1,0,0.00018065,-2.24629e-07,0.999999,0.00124345,-0.00018065,-0.00124345,0.999999
-0.6,-0.4,0.00076265,1,0,0.000183406,1.6817e-07,1,-0.000916927,-0.000183406,0.000916927,1
-0.5,-0.4,0.000587274,1,0,0.000141231,3.52122e-07,0.999997,-0.00249324,-0.00014123,0.00249324,0.999997
-0.4,-0.4,0.000283469,1,0,6.81701e-05,2.37607e-07,0.999994,-0.00348549,-6.81697e-05,0.00348549,0.999994
-0.3,-0.4,-9.03605e-05,1,0,-2.17304e-05,-8.46116e-08,0.999992,-0.0038937,2.17302e-05,0.0038937,0.999992
-0.2,-0.4,-0.000475809,1,0,-0.000114425,-4.25417e-07,0.999993,-0.00371787,0.000114424,0.00371787,0.999993
-0.1,-0.4,-0.000814471,1,0,-0.000195868,-5.79377e-07,0.999996,-0.00295799,0.000195867,0.00295799,0.999996
0,-0.4,-0.00104794,1,0,-0.000252015,-4.06767e-07,0.999999,-0.00161406,0.000252014,0.00161406,0.999999
0.1,-0.4,-0.00111781,1,0,-0.000268818,8.43909e-08,1,0.000313933,0.000268818,-0.000313933,1
0.2,-0.4,-0.000965686,1,0,-0.000232233,6.56285e-07,0.999996,0.00282597,0.000232232,-0.00282597,0.999996
0.3,-0.4,-0.00053315,1,0,-0.000128215,7.59285e-07,0.999982,0.00592198,0.000128213,-0.00592198,0.999982
0.4,-0.4,0.000238198,1,0,5.72832e-05,-5.50021e-07,0.999954,0.00960179,-5.72806e-05,-0.00960179,0.999954
0.5,-0.4,0.00140677,1,0,0.000338306,-4.69065e-06,0.999904,0.0138651,-0.000338274,-0.0138651,0.999904
0.6,-0.4,0.00303095,1,0,0.0007289,-1.36388e-05,0.999825,0.0187114,-0.000728772,-0.0187114,0.999825
0.7,-0.4,0.00516917,0.999999,0,0.00124311,-3.00086e-05,0.999709,0.0241399,-0.00124275,-0.02414,0.999708
0.8,-0.4,0.00787983,0.999998,0,0.00189498,-5.71329e-05,0.999545,0.0301496,-0.00189412,-0.0301496,0.999544
0.9,-0.4,0.0112213,0.999996,0,0.00269855,-9.91417e-05,0.999325,0.0367387,-0.00269673,-0.0367388,0.999321
1,-0.4,0.0152521,0.999993,0,0.00366787,-0.00016104,0.999036,0.0439053,-0.00366433,-0.0439056,0.999029
-1,-0.3,-0.000983347,1,0,0.000318476,-3.55818e-06,0.999938,0.0111725,-0.000318456,-0.0111725,0.999938
-0.9,-0.3,-6.55252e-05,1,0,2.12216e-05,-1.54491e-07,0.999974,0.00727989,-2.12211e-05,-0.00727989,0.999974
-0.8,-0.3,0.000492041,1,0,-0.000159357,6.3234e-07,0.999992,0.00396807,0.000159356,-0.00396807,0.999992
-0.7,-0.3,0.000747467,1,0,-0.000242082,2.99523e-07,0.999999,0.00123728,0.000242082,-0.00123728,0.999999
-0.6,-0.3,0.000758869,1,0,-0.000245775,-2.2424e-07,1,-0.000912381,0.000245775,0.000912381,1
-0.5,-0.3,0.000584363,1,0,-0.000189257,-4.69525e-07,0.999997,-0.00248088,0.000189257,0.00248088,0.999997
-0.4,-0.3,0.000282064,1,0,-9.13519e-05,-3.16828e-07,0.999994,-0.00346821,9.13513e-05,0.00346821,0.999994
-0.3,-0.3,-8.99125e-05,1,0,2.91199e-05,1.12822e-07,0.999992,-0.0038744,-2.91197e-05,0.0038744,0.999992
-0.2,-0.3,-0.00047345,1,0,0.000153336,5.67257e-07,0.999993,-0.00369944,-0.000153335,0.00369944,0.999993
-0.1,-0.3,-0.000810433,1,0,0.000262475,7.72549e-07,0.999996,-0.00294333,-0.000262474,0.00294333,0.999996
0,-0.3,-0.00104275,1,0,0.000337714,5.42388e-07,0.999999,-0.00160606,-0.000337713,0.00160606,0.999999
0.1,-0.3,-0.00111227,1,0,0.000360232,-1.12528e-07,1,0.000312377,-0.000360232,-0.000312377,1
0.2,-0.3,-0.000960899,1,0,0.000311206,-8.75099e-07,0.999996,0.00281196,-0.000311205,-0.00281196,0.999996
0.3,-0.3,-0.000530507,1,0,0.000171815,-1.01244e-06,0.999983,0.00589262,-0.000171812,-0.00589262,0.999983
0.4,-0.3,0.000237017,1,0,-7.67628e-05,7.33406e-07,0.999954,0.00955419,7.67593e-05,-0.00955419,0.999954
0.5,-0.3,0.00139979,1,0,-0.00045335,6.25459e-06,0.999905,0.0137964,0.000453307,-0.0137964,0.999905
0.6,-0.3,0.00301593,1,0,-0.000976767,1.81861e-05,0.999827,0.0186187,0.000976598,-0.0186187,0.999826
0.7,-0.3,0.00514355,0.999999,0,-0.00166584,4.00139e-05,0.999711,0.0240203,0.00166536,-0.0240203,0.99971
0.8,-0.3,0.00784076,0.999997,0,-0.00253938,7.61819e-05,0.99955,0.0300001,0.00253823,-0.0300002,0.999547
0.9,-0.3,0.0111657,0.999993,0,-0.0036162,0.000132197,0.999332,0.0365566,0.00361379,-0.0365568,0.999325
1,-0.3,0.0151764,0.999988,0,-0.00491513,0.000214733,0.999045,0.0436876,0.00491044,-0.0436881,0.999033
-1,-0.2,-0.000927986,1,0,0.00077157,-8.13512e-06,0.999944,0.0105436,-0.000771528,-0.0105436,0.999944
-0.9,-0.2,-6.18363e-05,1,0,5.14136e-05,-3.53214e-07,0.999976,0.00687006,-5.14123e-05,-0.00687006,0.999976
-0.8,-0.2,0.00046434,1,0,-0.000386074,1.44572e-06,0.999993,0.00374468,0.000386071,-0.00374468,0.999993
-0.7,-0.2,0.000705386,1,0,-0.00058649,6.848e-07,0.999999,0.00116762,0.00058649,-0.00116762,0.999999
-0.6,-0.2,0.000716146,1,0,-0.000595437,-5.1268e-07,1,-0.000861015,0.000595437,0.000861015,0.999999
-0.5,-0.2,0.000551464,1,0,-0.000458513,-1.07347e-06,0.999997,-0.00234121,0.000458512,0.00234121,0.999997
-0.4,-0.2,0.000266184,1,0,-0.000221318,-7.24364e-07,0.999995,-0.00327296,0.000221316,0.00327296,0.999995
-0.3,-0.2,-8.48506e-05,1,0,7.05487e-05,2.57946e-07,0.999993,-0.00365628,-7.05483e-05,0.00365628,0.999993
-0.2,-0.2,-0.000446795,1,0,0.000371487,1.29692e-06,0.999994,-0.00349117,-0.000371484,0.00349117,0.999994
-0.1,-0.2,-0.000764807,1,0,0.000635896,1.76628e-06,0.999996,-0.00277762,-0.000635893,0.00277762,0.999996
0,-0.2,-0.000984041,1,0,0.000818177,1.24006e-06,0.999999,-0.00151564,-0.000818176,0.00151564,0.999999
0.1,-0.2,-0.00104965,1,0,0.000872731,-2.57272e-07,1,0.00029479,-0.000872731,-0.00029479,1
0.2,-0.2,-0.000906801,1,0,0.000753957,-2.00074e-06,0.999996,0.00265365,-0.000753954,-0.00265365,0.999996
0.3,-0.2,-0.00050064,1,0,0.000416256,-2.31475e-06,0.999985,0.00556088,-0.000416249,-0.00556088,0.999984
0.4,-0.2,0.000223674,1,0,-0.000185973,1.6768e-06,0.999959,0.00901635,0.000185965,-0.00901635,0.999959
0.5,-0.2,0.00132098,0.999999,0,-0.00109833,1.43e-05,0.999915,0.0130198,0.00109823,-0.0130198,0.999915
0.6,-0.2,0.00284614,0.999997,0,-0.0023664,4.15795e-05,0.999846,0.0175707,0.00236604,-0.0175708,0.999843
0.7,-0.2,0.00485397,0.999992,0,-0.00403579,9.14855e-05,0.999743,0.0226684,0.00403475,-0.0226686,0.999735
0.8,-0.2,0.00739934,0.999981,0,-0.00615204,0.000174178,0.999599,0.0283117,0.00614957,-0.0283122,0.99958
0.9,-0.2,0.0105371,0.999962,0,-0.00876068,0.000302245,0.999405,0.0344988,0.00875546,-0.0345002,0.999366
1,-0.2,0.014322,0.999929,0,-0.0119072,0.000490937,0.99915,0.0412275,0.011897,-0.0412304,0.999079
-1,-0.1,-0.000832467,0.999999,0,0.00112162,-1.06088e-05,0.999955,0.00945842,-0.00112157,-0.00945843,0.999955
-0.9,-0.1,-5.54714e-05,1,0,7.47394e-05,-4.60615e-07,0.999981,0.00616295,-7.47379e-05,-0.00616295,0.999981
-0.8,-0.1,0.000416545,1,0,-0.000561231,1.88531e-06,0.999994,0.00335924,0.000561228,-0.00335924,0.999994
-0.7,-0.1,0.00063278,1,0,-0.000852575,8.9302e-07,0.999999,0.00104744,0.000852575,-0.00104744,0.999999
-0.6,-0.1,0.000642432,1,0,-0.000865581,-6.68565e-07,1,-0.000772389,0.00086558,0.00077239,0.999999
-0.5,-0.1,0.000494701,1,0,-0.000666535,-1.39988e-06,0.999998,-0.00210023,0.000666534,0.00210023,0.999998
-0.4,-0.1,0.000238785,1,0,-0.000321727,-9.44615e-07,0.999996,-0.00293608,0.000321726,0.00293608,0.999996
-0.3,-0.1,-7.61168e-05,1,0,0.000102556,3.36377e-07,0.999995,-0.00327994,-0.000102555,0.00327994,0.999995
-0.2,-0.1,-0.000400806,1,0,0.000540026,1.69127e-06,0.999995,-0.00313182,-0.000540024,0.00313182,0.999995
-0.1,-0.1,-0.000686085,1,0,0.000924395,2.30333e-06,0.999997,-0.00249172,-0.000924392,0.00249172,0.999996
0,-0.1,-0.000882753,0.999999,0,0.00118938,1.61711e-06,0.999999,-0.00135963,-0.00118937,0.00135963,0.999998
0.1,-0.1,-0.000941612,0.999999,0,0.00126868,-3.35499e-07,1,0.000264447,-0.00126868,-0.000264447,0.999999
0.2,-0.1,-0.000813464,0.999999,0,0.00109602,-2.60908e-06,0.999997,0.00238051,-0.00109602,-0.00238051,0.999997
0.3,-0.1,-0.000449109,1,0,0.000605107,-3.01858e-06,0.999988,0.00498851,-0.000605099,-0.00498851,0.999987
0.4,-0.1,0.000200651,1,0,-0.000270347,2.18666e-06,0.999967,0.00808835,0.000270338,-0.00808835,0.999967
0.5,-0.1,0.00118501,0.999999,0,-0.00159663,1.86483e-05,0.999932,0.0116798,0.00159652,-0.0116798,0.999931
0.6,-0.1,0.00255318,0.999994,0,-0.00344001,5.42235e-05,0.999876,0.0157625,0.00343958,-0.0157626,0.99987
0.7,-0.1,0.00435435,0.999983,0,-0.00586673,0.000119306,0.999793,0.0203358,0.00586551,-0.0203361,0.999776
0.8,-0.1,0.00663771,0.99996,0,-0.00894296,0.000227146,0.999677,0.0253984,0.00894008,-0.0253995,0.999637
0.9,-0.1,0.00945248,0.999919,0,-0.0127348,0.000394158,0.999521,0.0309488,0.0127287,-0.0309513,0.99944
1,-0.1,0.0128478,0.99985,0,-0.0173079,0.000640216,0.999316,0.0369842,0.0172961,-0.0369897,0.999166
-1,0,-0.000707096,0.999999,0,0.00136864,-1.09957e-05,0.999968,0.00803405,-0.00136859,-0.00803406,0.999967
-0.9,0,-4.71173e-05,1,0,9.11991e-05,-4.7741e-07,0.999986,0.00523482,-9.11978e-05,-0.00523482,0.999986
-0.8,0,0.000353812,1,0,-0.00068483,1.95405e-06,0.999996,0.00285333,0.000684827,-0.00285333,0.999996
-0.7,0,0.000537481,0.999999,0,-0.00104034,9.25578e-07,1,0.000889691,0.00104034,-0.000889692,0.999999
-0.6,0,0.00054568,0.999999,0,-0.00105621,-6.9294e-07,1,-0.000656065,0.00105621,0.000656066,0.999999
-0.5,0,0.000420198,1,0,-0.000813325,-1.45091e-06,0.999998,-0.00178393,0.000813324,0.00178393,0.999998
-0.4,0,0.000202824,1,0,-0.000392581,-9.79056e-07,0.999997,-0.0024939,0.000392579,0.0024939,0.999997
-0.3,0,-6.46534e-05,1,0,0.000125142,3.48642e-07,0.999996,-0.00278597,-0.000125141,0.00278598,0.999996
-0.2,0,-0.000340444,1,0,0.000658955,1.75293e-06,0.999996,-0.00266016,-0.000658953,0.00266016,0.999996
-0.1,0,-0.000582758,0.999999,0,0.00112797,2.38731e-06,0.999998,-0.00211646,-0.00112797,0.00211646,0.999997
0,0,-0.000749808,0.999999,0,0.00145131,1.67607e-06,0.999999,-0.00115487,-0.00145131,0.00115487,0.999998
0.1,0,-0.000799803,0.999999,0,0.00154808,-3.4773e-07,1,0.00022462,-0.00154808,-0.000224621,0.999999
0.2,0,-0.000690954,0.999999,0,0.00133739,-2.70421e-06,0.999998,0.002022,-0.00133739,-0.002022,0.999997
0.3,0,-0.000381472,1,0,0.000738368,-3.12864e-06,0.999991,0.00423724,-0.000738361,-0.00423724,0.999991
0.4,0,0.000170432,1,0,-0.000329885,2.2664e-06,0.999976,0.00687029,0.000329877,-0.00687029,0.999976
0.5,0,0.00100655,0.999998,0,-0.00194825,1.93286e-05,0.999951,0.00992099,0.00194815,-0.00992101,0.999949
0.6,0,0.00216866,0.999991,0,-0.00419758,5.6202e-05,0.99991,0.013389,0.0041972,-0.0133891,0.999902
0.7,0,0.00369857,0.999974,0,-0.00715869,0.000123661,0.999851,0.0172739,0.00715762,-0.0172743,0.999825
0.8,0,0.00563806,0.99994,0,-0.0109122,0.00023544,0.999767,0.0215745,0.0109097,-0.0215757,0.999708
0.9,0,0.00802891,0.999879,0,-0.0155387,0.00040855,0.999654,0.0262892,0.0155333,-0.0262924,0.999534
1,0,0.0109129,0.999777,0,-0.0211181,0.000663587,0.999506,0.0314157,0.0211077,-0.0314227,0.999283
-1,0.1,-0.000562174,0.999999,0,0.00151261,-9.66184e-06,0.99998,0.00638753,-0.00151258,-0.00638753,0.999978
-0.9,0.1,-3.74604e-05,1,0,0.000100793,-4.19494e-07,0.999991,0.00416195,-0.000100792,-0.00416195,0.999991
-0.8,0.1,0.000281297,1,0,-0.00075687,1.71699e-06,0.999997,0.00226854,0.000756868,-0.00226854,0.999997
-0.7,0.1,0.000427323,0.999999,0,-0.00114977,8.13289e-07,1,0.000707347,0.00114977,-0.000707347,0.999999
-0.6,0.1,0.000433842,0.999999,0,-0.00116731,-6.08874e-07,1,-0.000521603,0.00116731,0.000521603,0.999999
-0.5,0.1,0.000334077,1,0,-0.000898882,-1.27489e-06,0.999999,-0.00141831,0.000898881,0.00141831,0.999999
-0.4,0.1,0.000161254,1,0,-0.000433878,-8.60279e-07,0.999998,-0.00198277,0.000433877,0.00198277,0.999998
-0.3,0.1,-5.14025e-05,1,0,0.000138306,3.06345e-07,0.999998,-0.00221499,-0.000138306,0.00221499,0.999998
-0.2,0.1,-0.000270669,1,0,0.000728273,1.54027e-06,0.999998,-0.00211496,-0.000728272,0.00211496,0.999997
-0.1,0.1,-0.000463321,0.999999,0,0.00124663,2.09769e-06,0.999999,-0.00168269,-0.00124663,0.00168269,0.999998
0,0.1,-0.000596133,0.999999,0,0.00160398,1.47273e-06,1,-0.000918174,-0.00160398,0.000918175,0.999998
0.1,0.1,-0.000635881,0.999999,0,0.00171093,-3.05544e-07,1,0.000178584,-0.00171093,-0.000178584,0.999999
0.2,0.1,-0.000549341,0.999999,0,0.00147808,-2.37614e-06,0.999999,0.00160758,-0.00147808,-0.00160759,0.999998
0.3,0.1,-0.000303288,1,0,0.00081604,-2.74909e-06,0.999994,0.00336882,-0.000816035,-0.00336882,0.999994
0.4,0.1,0.000135502,1,0,-0.000364587,1.99146e-06,0.999985,0.00546225,0.000364581,-0.00546225,0.999985
0.5,0.1,0.000800253,0.999998,0,-0.00215319,1.6984e-05,0.999969,0.00788779,0.00215312,-0.00788781,0.999967
0.6,0.1,0.00172419,0.999989,0,-0.00463913,4.93851e-05,0.999943,0.0106452,0.00463887,-0.0106453,0.999933
0.7,0.1,0.00294054,0.999969,0,-0.00791169,0.000108664,0.999906,0.0137341,0.00791095,-0.0137346,0.999874
0.8,0.1,0.00448252,0.999927,0,-0.01206,0.000206889,0.999853,0.0171537,0.0120582,-0.017155,0.99978
0.9,0.1,0.00638337,0.999853,0,-0.0171728,0.000359012,0.999781,0.0209027,0.0171691,-0.0209058,0.999634
1,0.1,0.00867629,0.999728,0,-0.0233384,0.00058313,0.999688,0.024979,0.0233312,-0.0249858,0.999416
-1,0.2,-0.000408008,0.999999,0,0.00155354,-7.20207e-06,0.999989,0.0046359,-0.00155352,-0.00463591,0.999988
-0.9,0.2,-2.71876e-05,1,0,0.00010352,-3.12695e-07,0.999995,0.00302062,-0.00010352,-0.00302062,0.999995
-0.8,0.2,0.000204157,1,0,-0.000777352,1.27986e-06,0.999999,0.00164643,0.00077735,-0.00164643,0.999998
-0.7,0.2,0.000310137,0.999999,0,-0.00118089,6.06232e-07,1,0.000513369,0.00118089,-0.00051337,0.999999
-0.6,0.2,0.000314868,0.999999,0,-0.0011989,-4.53859e-07,1,-0.000378563,0.0011989,0.000378563,0.999999
-0.5,0.2,0.000242463,1,0,-0.000923206,-9.50315e-07,0.999999,-0.00102936,0.000923206,0.00102936,0.999999
-0.4,0.2,0.000117033,1,0,-0.000445619,-6.41259e-07,0.999999,-0.00143903,0.000445618,0.00143903,0.999999
-0.3,0.2,-3.73063e-05,1,0,0.000142049,2.28352e-07,0.999999,-0.00160757,-0.000142048,0.00160757,0.999999
-0.2,0.2,-0.000196443,1,0,0.000747981,1.14813e-06,0.999999,-0.00153497,-0.00074798,0.00153497,0.999999
-0.1,0.2,-0.000336263,0.999999,0,0.00128036,1.56363e-06,0.999999,-0.00122124,-0.00128036,0.00122124,0.999998
0,0.2,-0.000432654,0.999999,0,0.00164738,1.09779e-06,1,-0.000666381,-0.00164738,0.000666382,0.999998
0.1,0.2,-0.000461502,0.999998,0,0.00175722,-2.27755e-07,1,0.00012961,-0.00175722,-0.00012961,0.999998
0.2,0.2,-0.000398694,0.999999,0,0.00151808,-1.77119e-06,0.999999,0.00116673,-0.00151808,-0.00116673,0.999998
0.3,0.2,-0.000220117,1,0,0.000838123,-2.0492e-06,0.999997,0.00244499,-0.00083812,-0.00244499,0.999997
0.4,0.2,9.83427e-05,1,0,-0.000374452,1.48446e-06,0.999992,0.00396435,0.000374449,-0.00396435,0.999992
0.5,0.2,0.000580798,0.999998,0,-0.00221146,1.26602e-05,0.999984,0.00572479,0.00221142,-0.0057248,0.999981
0.6,0.2,0.00125136,0.999989,0,-0.00476467,3.6813e-05,0.99997,0.00772616,0.00476452,-0.00772625,0.999959
0.7,0.2,0.00213415,0.999967,0,-0.00812577,8.1002e-05,0.99995,0.0099682,0.00812537,-0.00996853,0.999917
0.8,0.2,0.00325327,0.999923,0,-0.0123863,0.000154226,0.999922,0.0124504,0.0123853,-0.0124514,0.999846
0.9,0.2,0.00463284,0.999844,0,-0.0176374,0.000267634,0.999885,0.0151719,0.0176354,-0.0151742,0.999729
1,0.2,0.00629697,0.999713,0,-0.0239696,0.000434721,0.999836,0.0181311,0.0239657,-0.0181363,0.999548
-1,0.3,-0.000254901,0.999999,0,0.00149143,-4.3196e-06,0.999996,0.00289627,-0.00149143,-0.00289628,0.999995
-0.9,0.3,-1.69853e-05,1,0,9.93816e-05,-1.87545e-07,0.999998,0.00188712,-9.93814e-05,-0.00188712,0.999998
-0.8,0.3,0.000127546,1,0,-0.000746274,7.67618e-07,0.999999,0.0010286,0.000746274,-0.0010286,0.999999
-0.7,0.3,0.000193756,0.999999,0,-0.00113368,3.63598e-07,1,0.000320725,0.00113368,-0.000320725,0.999999
-0.6,0.3,0.000196712,0.999999,0,-0.00115097,-2.7221e-07,1,-0.000236505,0.00115097,0.000236505,0.999999
-0.5,0.3,0.000151477,1,0,-0.000886298,-5.69968e-07,1,-0.000643088,0.000886298,0.000643089,0.999999
-0.4,0.3,7.31158e-05,1,0,-0.000427804,-3.84607e-07,1,-0.000899027,0.000427803,0.000899027,1
-0.3,0.3,-2.33069e-05,1,0,0.00013637,1.36959e-07,0.999999,-0.00100432,-0.00013637,0.00100432,0.999999
-0.2,0.3,-0.000122726,1,0,0.000718078,6.88611e-07,1,-0.000958964,-0.000718077,0.000958964,0.999999
-0.1,0.3,-0.000210078,0.999999,0,0.00122918,9.37817e-07,1,-0.000762964,-0.00122918,0.000762964,0.999999
0,0.3,-0.000270298,0.999999,0,0.00158152,6.58416e-07,1,-0.000416318,-0.00158152,0.000416318,0.999999
0.1,0.3,-0.000288321,0.999999,0,0.00168697,-1.366e-07,1,8.09732e-05,-0.00168697,-8.09734e-05,0.999999
0.2,0.3,-0.000249082,0.999999,0,0.00145739,-1.0623e-06,1,0.00072891,-0.00145739,-0.000728911,0.999999
0.3,0.3,-0.000137517,1,0,0.000804616,-1.22905e-06,0.999999,0.00152749,-0.000804615,-0.00152749,0.999999
0.4,0.3,6.1439e-05,1,0,-0.000359482,8.90337e-07,0.999997,0.00247672,0.000359481,-0.00247672,0.999997
0.5,0.3,0.00036285,0.999998,0,-0.00212305,7.59323e-06,0.999994,0.00357656,0.00212303,-0.00357657,0.999991
0.6,0.3,0.000781781,0.99999,0,-0.00457419,2.20797e-05,0.999988,0.00482697,0.00457413,-0.00482702,0.999978
0.7,0.3,0.0013333,0.99997,0,-0.00780094,4.85841e-05,0.999981,0.00622779,0.00780079,-0.00622798,0.99995
0.8,0.3,0.00203246,0.999929,0,-0.0118912,9.25053e-05,0.99997,0.00777877,0.0118908,-0.00777932,0.999899
0.9,0.3,0.00289434,0.999857,0,-0.0169325,0.000160533,0.999955,0.00947942,0.0169317,-0.00948078,0.999812
1,0.3,0.003934,0.999735,0,-0.0230119,0.000260769,0.999936,0.0113289,0.0230104,-0.0113319,0.999671
-1,0.4,-0.000113156,0.999999,0,0.00132628,-1.70524e-06,0.999999,0.00128572,-0.00132628,-0.00128573,0.999998
-0.9,0.4,-7.54014e-06,1,0,8.83769e-05,-7.40364e-08,1,0.000837735,-8.83769e-05,-0.000837735,1
-0.8,0.4,5.66203e-05,1,0,-0.000663638,3.03029e-07,1,0.000456618,0.000663638,-0.000456619,1
-0.7,0.4,8.60128e-05,0.999999,0,-0.00100814,1.43536e-07,1,0.000142377,0.00100814,-0.000142377,0.999999
-0.6,0.4,8.73248e-05,0.999999,0,-0.00102352,-1.07459e-07,1,-0.00010499,0.00102352,0.00010499,0.999999
-0.5,0.4,6.7244e-05,1,0,-0.000788157,-2.25004e-07,1,-0.000285481,0.000788157,0.000285481,1
-0.4,0.4,3.24577e-05,1,0,-0.000380432,-1.5183e-07,1,-0.000399098,0.000380432,0.000399098,1
-0.3,0.4,-1.03464e-05,1,0,0.000121269,5.40666e-08,1,-0.000445839,-0.000121269,0.000445839,1
-0.2,0.4,-5.4481e-05,1,0,0.000638564,2.7184e-07,1,-0.000425705,-0.000638564,0.000425706,1
-0.1,0.4,-9.32584e-05,0.999999,0,0.00109307,3.70218e-07,1,-0.000338696,-0.00109307,0.000338697,0.999999
0,0.4,-0.000119991,0.999999,0,0.0014064,2.5992e-07,1,-0.000184813,-0.0014064,0.000184813,0.999999
0.1,0.4,-0.000127992,0.999999,0,0.00150017,-5.3925e-08,1,3.59458e-05,-0.00150017,-3.59459e-05,0.999999
0.2,0.4,-0.000110573,0.999999,0,0.00129601,-4.19362e-07,1,0.000323579,-0.00129601,-0.00032358,0.999999
0.3,0.4,-6.10467e-05,1,0,0.000715519,-4.85186e-07,1,0.000678089,-0.000715519,-0.000678089,1
0.4,0.4,2.72741e-05,1,0,-0.000319676,3.51475e-07,0.999999,0.00109947,0.000319676,-0.00109947,0.999999
0.5,0.4,0.000161077,0.999998,0,-0.00188796,2.99756e-06,0.999999,0.00158773,0.00188796,-0.00158773,0.999997
0.6,0.4,0.00034705,0.999992,0,-0.00406769,8.71642e-06,0.999998,0.00214283,0.00406768,-0.00214284,0.999989
0.7,0.4,0.00059188,0.999976,0,-0.00693717,1.91799e-05,0.999996,0.00276473,0.00693714,-0.0027648,0.999972
0.8,0.4,0.000902254,0.999944,0,-0.0105746,3.65199e-05,0.999994,0.00345335,0.0105745,-0.00345355,0.999938
0.9,0.4,0.00128486,0.999887,0,-0.015058,6.33791e-05,0.999991,0.00420853,0.0150578,-0.00420901,0.999878
1,0.4,0.00174639,0.999791,0,-0.0204649,0.00010296,0.999987,0.00502998,0.0204646,-0.00503104,0.999778
-1,0.5,6.92169e-06,0.999999,0,0.00105809,8.32162e-08,1,-7.86471e-05,-0.00105809,7.86472e-05,0.999999
-0.9,0.5,4.61226e-07,1,0,7.05061e-05,3.613e-09,1,-5.12438e-05,-7.05061e-05,5.12438e-05,1
-0.8,0.5,-3.46343e-06,1,0,-0.000529443,-1.47879e-08,1,-2.79311e-05,0.000529443,2.79311e-05,1
-0.7,0.5,-5.26135e-06,1,0,-0.000804285,-7.00461e-09,1,-8.70911e-06,0.000804285,8.70911e-06,1
-0.6,0.5,-5.34161e-06,1,0,-0.000816554,5.24404e-09,1,6.42216e-06,0.000816554,-6.42217e-06,1
-0.5,0.5,-4.11328e-06,1,0,-0.000628783,1.09803e-08,1,1.74627e-05,0.000628783,-1.74627e-05,1
-0.4,0.5,-1.98542e-06,1,0,-0.000303504,7.40933e-09,1,2.44126e-05,0.000303504,-2.44126e-05,1
-0.3,0.5,6.32886e-07,1,0,9.67472e-05,-2.63846e-09,1,2.72717e-05,-9.67472e-05,-2.72717e-05,1
-0.2,0.5,3.33257e-06,1,0,0.000509439,-1.32659e-08,1,2.60402e-05,-0.000509439,-2.60402e-05,1
-0.1,0.5,5.70456e-06,1,0,0.000872037,-1.80668e-08,1,2.07179e-05,-0.000872037,-2.07179e-05,1
0,0.5,7.33979e-06,0.999999,0,0.00112201,-1.26842e-08,1,1.13049e-05,-0.00112201,-1.13049e-05,0.999999
0.1,0.5,7.82919e-06,0.999999,0,0.00119682,2.63156e-09,1,-2.19879e-06,-0.00119682,2.19879e-06,0.999999
0.2,0.5,6.76368e-06,0.999999,0,0.00103394,2.0465e-08,1,-1.97932e-05,-0.00103394,1.97932e-05,0.999999
0.3,0.5,3.73419e-06,1,0,0.000570833,2.36772e-08,1,-4.14783e-05,-0.000570833,4.14783e-05,1
0.4,0.5,-1.66834e-06,1,0,-0.000255034,-1.71521e-08,1,-6.72542e-05,0.000255034,6.72542e-05,1
0.5,0.5,-9.853e-06,0.999999,0,-0.00150619,-1.46282e-07,1,-9.71205e-05,0.00150619,9.71206e-05,0.999999
0.6,0.5,-2.12288e-05,0.999995,0,-0.00324517,-4.25367e-07,1,-0.000131077,0.00324517,0.000131077,0.999995
0.7,0.5,-3.6205e-05,0.999985,0,-0.00553444,-9.36004e-07,1,-0.000169121,0.00553444,0.000169123,0.999985
0.8,0.5,-5.51904e-05,0.999964,0,-0.00843647,-1.78226e-06,1,-0.00021125,0.00843647,0.000211257,0.999964
0.9,0.5,-7.85942e-05,0.999928,0,-0.0120136,-3.0932e-06,1,-0.000257457,0.0120136,0.000257475,0.999928
1,0.5,-0.000106826,0.999867,0,-0.0163279,-5.02528e-06,1,-0.000307732,0.0163279,0.000307773,0.999867
-1,0.6,9.50284e-05,1,0,0.000686865,7.41644e-07,0.999999,-0.00107975,-0.000686865,0.00107975,0.999999
-0.9,0.6,6.33221e-06,1,0,4.57692e-05,3.22e-08,1,-0.00070353,-4.57692e-05,0.00070353,1
-0.8,0.6,-4.75497e-05,1,0,-0.000343689,-1.31794e-07,1,-0.000383468,0.000343689,0.000383468,1
-0.7,0.6,-7.22335e-05,1,0,-0.000522104,-6.24269e-08,1,-0.000119568,0.000522104,0.000119568,1
-0.6,0.6,-7.33354e-05,1,0,-0.000530068,4.67363e-08,1,8.81704e-05,0.000530068,-8.81704e-05,1
-0.5,0.6,-5.64715e-05,1,0,-0.000408176,9.7859e-08,1,0.000239747,0.000408176,-0.000239747,1
-0.4,0.6,-2.7258e-05,1,0,-0.000197021,6.60339e-08,1,0.000335162,0.000197021,-0.000335162,1
-0.3,0.6,8.68894e-06,1,0,6.28037e-05,-2.35147e-08,1,0.000374416,-6.28037e-05,-0.000374416,1
-0.2,0.6,4.57531e-05,1,0,0.000330704,-1.18229e-07,1,0.000357507,-0.000330704,-0.000357507,1
-0.1,0.6,7.83184e-05,1,0,0.000566085,-1.61016e-07,1,0.000284437,-0.000566085,-0.000284438,1
0,0.6,0.000100769,1,0,0.000728355,-1.13045e-07,1,0.000155206,-0.000728355,-0.000155206,1
0.1,0.6,0.000107488,1,0,0.00077692,2.34531e-08,1,-3.01873e-05,-0.00077692,3.01874e-05,1
0.2,0.6,9.28591e-05,1,0,0.000671185,1.82389e-07,1,-0.000271742,-0.000671185,0.000271742,1
0.3,0.6,5.1267e-05,1,0,0.000370558,2.11017e-07,1,-0.000569459,-0.000370558,0.000569459,1
0.4,0.6,-2.29048e-05,1,0,-0.000165556,-1.52864e-07,1,-0.000923337,0.000165556,0.000923337,1
0.5,0.6,-0.000135273,1,0,-0.00097775,-1.30371e-06,0.999999,-0.00133338,0.000977749,0.00133338,0.999999
0.6,0.6,-0.000291452,0.999998,0,-0.00210661,-3.791e-06,0.999998,-0.00179957,0.00210661,0.00179957,0.999996
0.7,0.6,-0.00049706,0.999994,0,-0.00359273,-8.34204e-06,0.999997,-0.00232191,0.00359272,0.00232192,0.999991
0.8,0.6,-0.000757713,0.999985,0,-0.00547667,-1.58846e-05,0.999996,-0.00290037,0.00547664,0.00290041,0.999981
0.9,0.6,-0.00107903,0.99997,0,-0.00779896,-2.75695e-05,0.999994,-0.00353492,0.00779891,0.00353503,0.999963
1,0.6,-0.00146662,0.999944,0,-0.0106001,-4.47932e-05,0.999991,-0.00422549,0.0106,0.00422573,0.999935
-1,0.7,0.00014086,1,0,0.000212594,3.40259e-07,0.999999,-0.00160051,-0.000212594,0.00160051,0.999999
-0.9,0.7,9.3862e-06,1,0,1.41662e-05,1.47731e-08,0.999999,-0.00104284,-1.41662e-05,0.00104284,0.999999
-0.8,0.7,-7.04826e-05,1,0,-0.000106377,-6.04658e-08,1,-0.000568413,0.000106377,0.000568413,1
-0.7,0.7,-0.000107071,1,0,-0.000161598,-2.86409e-08,1,-0.000177235,0.000161598,0.000177235,1
-0.6,0.7,-0.000108705,1,0,-0.000164063,2.14422e-08,1,0.000130695,0.000164063,-0.000130695,1
-0.5,0.7,-8.37073e-05,1,0,-0.000126336,4.48968e-08,1,0.000355376,0.000126336,-0.000355376,1
-0.4,0.7,-4.04043e-05,1,0,-6.09806e-05,3.02957e-08,1,0.000496809,6.09806e-05,-0.000496809,1
-0.3,0.7,1.28796e-05,1,0,1.94386e-05,-1.07883e-08,1,0.000554994,-1.94386e-05,-0.000554994,1
-0.2,0.7,6.78196e-05,1,0,0.000102357,-5.42424e-08,1,0.000529931,-0.000102357,-0.000529931,1
-0.1,0.7,0.000116091,1,0,0.000175211,-7.38726e-08,1,0.00042162,-0.000175211,-0.00042162,1
0,0.7,0.000149369,1,0,0.000225436,-5.1864e-08,1,0.000230061,-0.000225436,-0.000230061,1
0.1,0.7,0.000159328,1,0,0.000240467,1.07601e-08,1,-4.47466e-05,-0.000240467,4.47466e-05,1
0.2,0.7,0.000137644,1,0,0.000207741,8.36786e-08,1,-0.000402802,-0.000207741,0.000402802,1
0.3,0.7,7.59928e-05,1,0,0.000114693,9.68128e-08,1,-0.000844106,-0.000114693,0.000844106,1
0.4,0.7,-3.39517e-05,1,0,-5.12419e-05,-7.01325e-08,0.999999,-0.00136866,5.12418e-05,0.00136866,0.999999
0.5,0.7,-0.000200514,1,0,-0.000302627,-5.98129e-07,0.999998,-0.00197645,0.000302627,0.00197645,0.999998
0.6,0.7,-0.000432018,1,0,-0.000652027,-1.73928e-06,0.999996,-0.0026675,0.000652025,0.0026675,0.999996
0.7,0.7,-0.00073679,0.999999,0,-0.00111201,-3.82728e-06,0.999994,-0.00344178,0.001112,0.00344178,0.999993
0.8,0.7,-0.00112315,0.999999,0,-0.00169513,-7.28786e-06,0.999991,-0.00429929,0.00169511,0.0042993,0.999989
0.9,0.7,-0.00159943,0.999997,0,-0.00241395,-1.26492e-05,0.999986,-0.00524004,0.00241392,0.00524005,0.999983
1,0.7,-0.00217396,0.999995,0,-0.00328105,-2.05526e-05,0.99998,-0.00626399,0.00328098,0.00626402,0.999975
-1,0.8,0.000134113,1,0,-0.000364717,-5.55772e-07,0.999999,-0.00152384,0.000364717,0.00152384,0.999999
-0.9,0.8,8.93658e-06,1,0,-2.43029e-05,-2.413e-08,1,-0.000992884,2.43029e-05,0.000992884,1
-0.8,0.8,-6.71064e-05,1,0,0.000182495,9.87634e-08,1,-0.000541185,-0.000182495,0.000541185,1
-0.7,0.8,-0.000101942,1,0,0.000277231,4.67814e-08,1,-0.000168745,-0.000277231,0.000168745,1
-0.6,0.8,-0.000103497,1,0,0.00028146,-3.50232e-08,1,0.000124434,-0.00028146,-0.000124434,1
-0.5,0.8,-7.96976e-05,1,0,0.000216736,-7.33334e-08,1,0.000338353,-0.000216736,-0.000338353,1
-0.4,0.8,-3.84689e-05,1,0,0.000104616,-4.94843e-08,1,0.000473011,-0.000104616,-0.000473011,1
-0.3,0.8,1.22626e-05,1,0,-3.3348e-05,1.76214e-08,1,0.000528409,3.3348e-05,-0.000528409,1
-0.2,0.8,6.45709e-05,1,0,-0.0001756,8.85982e-08,1,0.000504547,0.0001756,-0.000504547,1
-0.1,0.8,0.00011053,1,0,-0.000300584,1.20662e-07,1,0.000401424,0.000300584,-0.000401424,1
0,0.8,0.000142214,1,0,-0.000386748,8.47134e-08,1,0.00021904,0.000386748,-0.000219041,1
0.1,0.8,0.000151696,1,0,-0.000412535,-1.75753e-08,1,-4.26031e-05,0.000412535,4.26031e-05,1
0.2,0.8,0.000131051,1,0,-0.000356391,-1.36679e-07,1,-0.000383507,0.000356391,0.000383507,1
0.3,0.8,7.23526e-05,1,0,-0.000196762,-1.58132e-07,1,-0.000803671,0.000196762,0.000803671,1
