x,y,z,tau1_x,tau1_y,tau1_z,tau2_x,tau2_y,tau2_z,normal_x,normal_y,normal_z
-1.00042,-1.00063,-0.139727,0.999996,0,-0.00298872,-1.35424e-05,0.99999,-0.00453115,0.00298869,0.00453117,0.999985
-0.999492,-0.750081,-0.140328,0.999993,0,0.00362635,2.08752e-06,1,-0.00057565,-0.00362635,0.000575654,0.999993
-0.999734,-0.499787,-0.140172,0.999998,0,0.00189802,-2.88252e-06,0.999999,0.0015187,-0.00189802,-0.0015187,0.999997
-1.00043,-0.249755,-0.139724,0.999995,0,-0.00304017,5.32587e-06,0.999998,0.00175183,0.00304016,-0.00175183,0.999994
-1.00085,1.73275e-05,-0.139449,0.999982,0,-0.00605453,7.49355e-07,1,0.000123765,0.00605453,-0.000123768,0.999982
-1.00028,0.249529,-0.139817,0.999998,0,-0.00201174,-6.77051e-06,0.999994,-0.00336549,0.00201173,0.0033655,0.999992
-0.998009,0.49878,-0.14127,0.999899,0,0.0142207,0.000123931,0.999962,-0.00871394,-0.0142201,0.00871482,0.999861
-0.993319,0.747773,-0.144154,0.99886,0,0.047726,0.000759207,0.999873,-0.0158895,-0.04772,0.0159076,0.998734
-0.985551,0.99652,-0.148617,0.994656,0,0.103242,0.00256655,0.999691,-0.0247266,-0.10321,0.0248594,0.994349
-0.750217,-0.999321,-0.140288,0.999999,0,-0.00155308,7.53003e-06,0.999988,0.00484844,0.00155306,-0.00484844,0.999987
-0.749736,-0.749914,-0.139648,0.999998,0,0.00188443,-1.16074e-06,1,0.000615962,-0.00188443,-0.000615964,0.999998
-0.749862,-0.500228,-0.139816,1,0,0.000986299,1.60277e-06,0.999999,-0.00162504,-0.000986298,0.00162504,0.999998
-0.750221,-0.250262,-0.140294,0.999999,0,-0.00157982,-2.96137e-06,0.999998,-0.0018745,0.00157981,0.0018745,0.999997
-0.75044,-1.8541e-05,-0.140587,0.999995,0,-0.00314625,-4.16676e-07,1,-0.000132435,0.00314625,0.000132436,0.999995
-0.750146,0.250504,-0.140194,0.999999,0,-0.00104539,3.76462e-06,0.999994,0.00360115,0.00104539,-0.00360115,0.999993
-0.748965,0.501306,-0.138611,0.999973,0,0.00739026,-6.8919e-05,0.999957,0.0093254,-0.00738993,-0.00932566,0.999929
-0.746526,0.752385,-0.135303,0.999692,0,0.0248213,-0.000422838,0.999855,0.01703,-0.0248177,-0.0170353,0.999547
-0.742462,1.00374,-0.12968,0.998549,0,0.0538594,-0.0014382,0.999643,0.0266641,-0.0538402,-0.0267029,0.998192
-0.500063,-0.998751,-0.140528,1,0,-0.000451888,4.03252e-06,0.99996,0.00892371,0.00045187,-0.00892371,0.99996
-0.499923,-0.749841,-0.139353,1,0,0.000548298,-6.21623e-07,0.999999,0.00113373,-0.000548298,-0.00113373,0.999999
-0.49996,-0.500419,-0.139661,1,0,0.000286976,8.58347e-07,0.999996,-0.002991,-0.000286975,0.002991,0.999995
-0.500064,-0.250483,-0.140542,1,0,-0.000459668,-1.58593e-06,0.999994,-0.00345016,0.000459665,0.00345016,0.999994
-0.500128,-3.41263e-05,-0.141081,1,0,-0.000915445,-2.23148e-07,1,-0.000243759,0.000915445,0.000243759,1
-0.500043,0.250928,-0.140356,1,0,-0.000304171,2.01607e-06,0.999978,0.0066281,0.000304164,-0.0066281,0.999978
-0.499699,0.502403,-0.13744,0.999998,0,0.00215034,-3.69069e-05,0.999853,0.0171632,-0.00215002,-0.0171633,0.99985
-0.498989,0.754389,-0.131398,0.999974,0,0.0072241,-0.000226496,0.999508,0.031352,-0.00722055,-0.0313528,0.999482
-0.497806,1.00688,-0.121285,0.999877,0,0.0156919,-0.000771605,0.99879,0.0491661,-0.0156729,-0.0491722,0.998667
-0.249956,-0.998727,-0.140538,1,0,0.00031485,-2.86315e-06,0.999959,0.00909367,-0.000314837,-0.00909367,0.999959
-0.250053,-0.749838,-0.13934,1,0,-0.000382023,4.41361e-07,0.999999,0.00115533,0.000382023,-0.00115533,0.999999
-0.250028,-0.500427,-0.139654,1,0,-0.000199949,-6.09438e-07,0.999995,-0.00304797,0.000199948,0.00304797,0.999995
-0.249955,-0.250492,-0.140552,1,0,0.00032027,1.12603e-06,0.999994,-0.00351588,-0.000320268,0.00351588,0.999994
-0.249911,-3.47763e-05,-0.141101,1,0,0.000637831,1.58439e-07,1,-0.000248402,-0.000637831,0.000248402,1
-0.24997,0.250946,-0.140363,1,0,0.000211929,-1.43144e-06,0.999977,0.00675434,-0.000211924,-0.00675434,0.999977
-0.25021,0.502449,-0.137391,0.999999,0,-0.00149824,2.62043e-05,0.999847,0.0174901,0.00149801,-0.0174901,0.999846
-0.250704,0.754473,-0.131235,0.999987,0,-0.00503341,0.000160816,0.999489,0.0319494,0.00503084,-0.0319498,0.999477
-0.251529,1.00702,-0.120934,0.99994,0,-0.0109339,0.000547895,0.998744,0.0501066,0.0109202,-0.0501096,0.998684
0.000104596,-0.999054,-0.140401,1,0,0.000747134,-5.0483e-06,0.999977,0.00675688,-0.000747117,-0.00675688,0.999977
-0.000126915,-0.74988,-0.13951,1,0,-0.000906534,7.78194e-07,1,0.000858428,0.000906533,-0.000858428,0.999999
-6.64263e-05,-0.500317,-0.139743,1,0,-0.000474475,-1.07454e-06,0.999997,-0.0022647,0.000474473,0.0022647,0.999997
0.000106399,-0.250366,-0.14041,1,0,0.000759996,1.98539e-06,0.999997,-0.00261236,-0.000759993,0.00261236,0.999996
0.000211898,-2.58394e-05,-0.140818,0.999999,0,0.00151356,2.79353e-07,1,-0.000184567,-0.00151356,0.000184567,0.999999
7.04056e-05,0.250703,-0.14027,1,0,0.000502903,-2.52389e-06,0.999987,0.00501865,-0.000502897,-0.00501865,0.999987
-0.000497696,0.501819,-0.138065,0.999994,0,-0.00355527,4.62053e-05,0.999916,0.0129962,0.00355497,-0.0129963,0.999909
-0.00167162,0.753324,-0.133492,0.999929,0,-0.0119435,0.000283578,0.999718,0.0237416,0.0119401,-0.0237433,0.999647
-0.00362892,1.00521,-0.125826,0.999664,0,-0.0259388,0.000966039,0.999306,0.0372304,0.0259208,-0.037243,0.99897
0.250118,-0.999536,-0.140197,1,0,0.000844963,-2.79819e-06,0.999995,0.00331162,-0.000844958,-0.00331162,0.999994
0.249856,-0.749941,-0.13976,0.999999,0,-0.00102523,4.31334e-07,1,0.000420717,0.00102523,-0.000420717,0.999999
0.249925,-0.500155,-0.139874,1,0,-0.000536602,-5.95594e-07,0.999999,-0.00110994,0.000536601,0.00110994,0.999999
0.25012,-0.250179,-0.140201,1,0,0.000859508,1.10045e-06,0.999999,-0.00128033,-0.000859507,0.00128033,0.999999
0.25024,-1.26639e-05,-0.140401,0.999999,0,0.00171174,1.54839e-07,1,-9.04566e-05,-0.00171174,9.04567e-05,0.999999
0.25008,0.250344,-0.140133,1,0,0.000568753,-1.39895e-06,0.999997,0.00245967,-0.000568751,-0.00245967,0.999997
0.249437,0.500892,-0.139054,0.999992,0,-0.00402079,2.5612e-05,0.99998,0.00636985,0.0040207,-0.0063699,0.999972
0.248109,0.751629,-0.136813,0.999909,0,-0.0135071,0.000157208,0.999932,0.0116378,0.0135062,-0.0116389,0.999841
0.245894,1.00256,-0.133041,0.99957,0,-0.0293325,0.000535634,0.999833,0.0182529,0.0293276,-0.0182608,0.999403
0.500085,-0.999978,-0.140009,1,0,0.000608336,-9.51707e-08,1,0.000156444,-0.000608336,-0.000156444,1
0.499897,-0.749997,-0.139989,1,0,-0.000738124,1.46702e-08,1,1.9875e-05,0.000738124,-1.9875e-05,1
0.499946,-0.500007,-0.139994,1,0,-0.00038633,-2.02569e-08,1,-5.24343e-05,0.00038633,5.24343e-05,1
0.500087,-0.250008,-0.140009,1,0,0.000618809,3.74279e-08,1,-6.04837e-05,-0.000618809,6.04837e-05,1
0.500173,-5.98255e-07,-0.140019,0.999999,0,0.00123238,5.26627e-09,1,-4.27325e-06,-0.00123238,4.27325e-06,0.999999
0.500057,0.250016,-0.140006,1,0,0.000409477,-4.75801e-08,1,0.000116197,-0.000409477,-0.000116197,1
0.499595,0.500042,-0.139955,0.999996,0,-0.0028948,8.71122e-07,1,0.000300925,0.0028948,-0.000300926,0.999996
0.498639,0.750077,-0.139844,0.999953,0,-0.00972494,5.34766e-06,1,0.000549866,0.00972494,-0.000549892,0.999953
0.497043,1.00012,-0.139644,0.999777,0,-0.0211225,1.82282e-05,1,0.000862783,0.0211225,-0.000862975,0.999777
0.750005,-1.00018,-0.139922,1,0,3.72548e-05,4.88018e-08,0.999999,-0.00130994,-3.72548e-05,0.00130994,0.999999
0.749994,-0.750023,-0.140095,1,0,-4.52031e-05,-7.52262e-09,1,-0.000166418,4.52031e-05,0.000166418,1
0.749997,-0.499939,-0.14005,1,0,-2.3659e-05,1.03874e-08,1,0.000439045,2.3659e-05,-0.000439045,1
0.750005,-0.249929,-0.13992,1,0,3.78962e-05,-1.91923e-08,1,0.000506445,-3.78962e-05,-0.000506445,1
0.750011,5.00933e-06,-0.139841,1,0,7.54717e-05,-2.70045e-09,1,3.5781e-05,-7.54717e-05,-3.5781e-05,1
0.750004,0.249864,-0.139947,1,0,2.50766e-05,2.43982e-08,1,-0.000972946,-2.50766e-05,0.000972946,1
0.749975,0.499647,-0.140372,1,0,-0.00017728,-4.46698e-07,0.999997,-0.00251973,0.000177279,0.00251973,0.999997
0.749917,0.749355,-0.14125,1,0,-0.000595589,-2.74241e-06,0.999989,-0.00460454,0.000595582,0.00460454,0.999989
0.749819,0.998988,-0.142716,0.999999,0,-0.00129384,-9.35099e-06,0.999974,-0.00722731,0.00129381,0.00722732,0.999973
0.999878,-0.999956,-0.140019,1,0,-0.000868281,2.70092e-07,1,0.000311065,0.000868281,-0.000311065,1
1.00015,-0.749994,-0.139977,0.999999,0,0.00105353,-4.16336e-08,1,3.95183e-05,-0.00105353,-3.95183e-05,0.999999
1.00008,-0.500015,-0.139988,1,0,0.000551411,5.74886e-08,1,-0.000104257,-0.000551411,0.000104257,1
0.999876,-0.250017,-0.140019,1,0,-0.000883229,-1.06219e-07,1,-0.000120262,0.000883229,0.000120262,1
0.999754,-1.18953e-06,-0.140037,0.999998,0,-0.00175898,-1.49455e-08,1,-8.49666e-06,0.00175898,8.49667e-06,0.999998
0.999918,0.250032,-0.140012,1,0,-0.000584449,1.35031e-07,1,0.00023104,0.000584449,-0.00023104,1
1.00058,0.500084,-0.13991,0.999991,0,0.00413175,-2.4722e-06,1,0.000598337,-0.00413175,-0.000598342,0.999991
1.00194,0.750153,-0.139689,0.999904,0,0.0138798,-1.5175e-05,0.999999,0.00109321,-0.0138798,-0.00109332,0.999903
1.00422,1.00024,-0.13929,0.999546,0,0.0301413,-5.17071e-05,0.999999,0.00171471,-0.0301412,-0.00171549,0.999544
