x,y,z,tau1_x,tau1_y,tau1_z,tau2_x,tau2_y,tau2_z,normal_x,normal_y,normal_z
-0.99992,-0.999902,0.0146185,0.999984,0,-0.00573823,-4.03621e-05,0.999975,-0.00703379,0.00573808,0.0070339,0.999959
-0.85716,-0.999949,0.0138651,0.999999,0,0.00124971,4.55493e-06,0.999993,-0.0036448,-0.0012497,0.0036448,0.999993
-0.714345,-0.999986,0.013542,0.999991,0,0.00424397,4.25302e-06,0.999999,-0.00100212,-0.00424396,0.00100213,0.99999
-0.571488,-1.00001,0.0135432,0.999991,0,0.00423326,-3.78393e-06,1,0.000893848,-0.00423326,-0.000893856,0.999991
-0.428602,-1.00003,0.0137619,0.999998,0,0.00220632,-4.50791e-06,0.999998,0.00204318,-0.00220631,-0.00204318,0.999995
-0.285702,-1.00003,0.0140915,1,0,-0.000848197,2.07455e-06,0.999997,0.00244583,0.000848194,-0.00244584,0.999997
-0.142802,-1.00003,0.0144251,0.999992,0,-0.0039415,8.28422e-06,0.999998,0.00210178,0.00394149,-0.00210179,0.99999
8.51876e-05,-1.00001,0.0146562,0.999981,0,-0.00608483,6.15231e-06,0.999999,0.00101107,0.00608483,-0.00101109,0.999981
0.142945,-0.999988,0.0146783,0.99998,0,-0.00628959,-5.19683e-06,1,-0.000826243,0.00628959,0.00082626,0.99998
0.285764,-0.999952,0.0143847,0.999994,0,-0.00356708,-1.21648e-05,0.999994,-0.00341028,0.00356706,0.0034103,0.999988
0.428528,-0.999906,0.0136682,0.999995,0,0.00307159,2.07053e-05,0.999977,-0.00674087,-0.00307152,0.0067409,0.999973
0.571224,-0.999849,0.0124209,0.999893,0,0.0146136,0.000158071,0.999941,-0.0108156,-0.0146127,0.0108167,0.999835
0.713837,-0.999781,0.0105332,0.999487,0,0.0320358,0.000500805,0.999878,-0.0156246,-0.0320319,0.0156327,0.999365
0.856355,-0.999704,0.00789306,0.998415,0,0.0562823,0.00119178,0.999776,-0.0211414,-0.0562697,0.021175,0.998191
0.998765,-0.999616,0.00438572,0.996101,0,0.0882168,0.00241831,0.999624,-0.0273063,-0.0881837,0.0274132,0.995727
-0.999943,-0.857156,0.0139193,0.999992,0,-0.00409215,3.74764e-06,1,0.000915805,0.00409214,-0.000915812,0.999991
-0.857155,-0.85715,0.0140175,1,0,0.000891206,-4.22913e-07,1,0.00047454,-0.000891206,-0.00047454,0.999999
-0.714328,-0.857145,0.0140595,0.999995,0,0.00302652,-3.94882e-07,1,0.000130473,-0.00302652,-0.000130474,0.999995
-0.571471,-0.857141,0.0140594,0.999995,0,0.00301889,3.51328e-07,1,-0.000116376,-0.00301889,0.000116377,0.999995
-0.428593,-0.857139,0.014031,0.999999,0,0.0015734,4.18546e-07,1,-0.000266014,-0.0015734,0.000266014,0.999999
-0.285706,-0.857138,0.0139881,1,0,-0.000604876,-1.92616e-07,1,-0.000318438,0.000604876,0.000318438,1
-0.142818,-0.857139,0.0139446,0.999996,0,-0.00281082,-7.69169e-07,1,-0.000273645,0.00281082,0.000273646,0.999996
6.07506e-05,-0.857141,0.0139144,0.999991,0,-0.00433933,-5.71232e-07,1,-0.000131639,0.00433933,0.000131641,0.999991
0.14292,-0.857144,0.0139115,0.99999,0,-0.00448535,4.82518e-07,1,0.000107575,0.00448535,-0.000107576,0.99999
0.28575,-0.857149,0.0139498,0.999997,0,-0.00254381,1.12948e-06,1,0.000444008,0.00254381,-0.000444009,0.999997
0.428541,-0.857155,0.0140431,0.999998,0,0.00219045,-1.92247e-06,1,0.000877654,-0.00219045,-0.000877656,0.999997
0.571283,-0.857163,0.0142045,0.999946,0,0.010422,-1.46787e-05,0.999999,0.00140837,-0.010422,-0.00140844,0.999945
0.713966,-0.857171,0.0144465,0.999739,0,0.0228515,-4.65271e-05,0.999998,0.00203553,-0.0228515,-0.00203606,0.999737
0.856581,-0.857181,0.0147804,0.999193,0,0.040168,-0.00011085,0.999996,0.00275742,-0.0401678,-0.00275965,0.999189
0.999118,-0.857193,0.015216,0.998012,0,0.0630309,-0.000225477,0.999994,0.00357013,-0.0630305,-0.00357724,0.998005
-0.999963,-0.714375,0.0134395,0.999996,0,-0.00265632,1.69057e-05,0.99998,0.00636431,0.00265626,-0.00636433,0.999976
-0.857151,-0.714332,0.0141219,1,0,0.000578502,-1.90778e-06,0.999995,0.00329779,-0.000578499,-0.00329779,0.999994
-0.714313,-0.714298,0.0144142,0.999998,0,0.00196459,-1.78135e-06,1,0.000906727,-0.00196459,-0.000906728,0.999998
-0.571456,-0.714274,0.0144132,0.999998,0,0.00195963,1.58487e-06,1,-0.000808758,-0.00195963,0.00080876,0.999998
-0.428586,-0.71426,0.0142153,0.999999,0,0.00102133,1.88809e-06,0.999998,-0.00184866,-0.00102133,0.00184866,0.999998
-0.285709,-0.714255,0.0139172,1,0,-0.000392639,-8.689e-07,0.999998,-0.00221297,0.000392638,0.00221297,0.999997
-0.142832,-0.714259,0.0136152,0.999998,0,-0.00182457,-3.46978e-06,0.999998,-0.0019017,0.00182457,0.0019017,0.999997
3.94348e-05,-0.714273,0.013406,0.999996,0,-0.00281677,-2.57689e-06,1,-0.000914835,0.00281677,0.000914839,0.999996
0.142898,-0.714296,0.013386,0.999996,0,-0.00291156,2.1767e-06,1,0.000747601,0.00291156,-0.000747605,0.999995
0.285737,-0.714329,0.0136517,0.999999,0,-0.00165125,5.09514e-06,0.999995,0.00308562,0.00165124,-0.00308563,0.999994
0.428552,-0.714371,0.0142996,0.999999,0,0.00142188,-8.67224e-06,0.999981,0.00609915,-0.00142185,-0.00609916,0.99998
0.571334,-0.714423,0.0154256,0.999977,0,0.00676535,-6.62179e-05,0.999952,0.00978758,-0.00676502,-0.0097878,0.999929
0.714078,-0.714484,0.0171258,0.99989,0,0.0148357,-0.00020993,0.9999,0.0141488,-0.0148342,-0.0141503,0.99979
0.856778,-0.714554,0.0194953,0.99966,0,0.0260861,-0.000500427,0.999816,0.0191771,-0.0260813,-0.0191836,0.999476
0.999427,-0.714634,0.0226287,0.999161,0,0.0409619,-0.00101918,0.99969,0.0248602,-0.0409492,-0.0248811,0.998851
-0.99998,-0.571564,0.0131498,0.999999,0,-0.00143076,1.38106e-05,0.999953,0.00965266,0.00143069,-0.00965267,0.999952
-0.857147,-0.571499,0.0141848,1,0,0.000311595,-1.55853e-06,0.999987,0.00500179,-0.000311591,-0.00500179,0.999987
-0.714301,-0.571448,0.0146283,0.999999,0,0.00105817,-1.45526e-06,0.999999,0.00137525,-0.00105817,-0.00137525,0.999998
-0.571443,-0.571411,0.0146267,0.999999,0,0.00105551,1.29475e-06,0.999999,-0.00122666,-0.00105551,0.00122666,0.999999
-0.428579,-0.571389,0.0143266,1,0,0.000550112,1.54245e-06,0.999996,-0.00280389,-0.000550109,0.00280389,0.999996
-0.285711,-0.571382,0.0138743,1,0,-0.000211485,-7.09837e-07,0.999994,-0.00335645,0.000211483,0.00335645,0.999994
-0.142843,-0.571388,0.0134164,1,0,-0.000982758,-2.83461e-06,0.999996,-0.00288434,0.000982754,0.00288434,0.999995
2.12405e-05,-0.571409,0.0130991,0.999999,0,-0.00151718,-2.10518e-06,0.999999,-0.00138755,0.00151718,0.00138756,0.999998
0.142879,-0.571444,0.0130688,0.999999,0,-0.00156824,1.77824e-06,0.999999,0.00113391,0.00156824,-0.00113391,0.999998
0.285727,-0.571494,0.0134717,1,0,-0.000889402,4.16241e-06,0.999989,0.00468,0.000889392,-0.00468001,0.999989
0.428561,-0.571558,0.0144542,1,0,0.000765856,-7.08454e-06,0.999957,0.00925048,-0.000765823,-0.00925049,0.999957
0.571378,-0.571636,0.0161622,0.999993,0,0.00364403,-5.40944e-05,0.99989,0.0148446,-0.00364363,-0.0148447,0.999883
0.714174,-0.571729,0.0187417,0.999968,0,0.00799147,-0.000171505,0.99977,0.0214603,-0.00798963,-0.0214609,0.999738
0.856946,-0.571836,0.0223386,0.999901,0,0.014054,-0.000408918,0.999577,0.0290934,-0.0140481,-0.0290962,0.999478
0.999691,-0.571957,0.0270983,0.999756,0,0.0220762,-0.000833262,0.999287,0.0377356,-0.0220605,-0.0377448,0.999044
-0.999994,-0.428727,0.0130202,1,0,-0.00041548,4.62114e-06,0.999938,0.0111224,0.000415455,-0.0111224,0.999938
-0.857144,-0.428652,0.014213,1,0,9.04844e-05,-5.21501e-07,0.999983,0.00576343,-9.04829e-05,-0.00576343,0.999983
-0.71429,-0.428594,0.014724,1,0,0.000307285,-4.86947e-07,0.999999,0.00158468,-0.000307285,-0.00158468,0.999999
-0.571433,-0.428552,0.0147222,1,0,0.00030651,4.33239e-07,0.999999,-0.00141346,-0.00030651,0.00141346,0.999999
-0.428574,-0.428526,0.0143763,1,0,0.000159748,5.16123e-07,0.999995,-0.00323086,-0.000159747,0.00323086,0.999995
-0.285713,-0.428517,0.0138552,1,0,-6.14133e-05,-2.37519e-07,0.999993,-0.00386756,6.14128e-05,0.00386756,0.999993
-0.142853,-0.428525,0.0133275,1,0,-0.000285384,-9.48492e-07,0.999994,-0.00332356,0.000285383,0.00332356,0.999994
6.16807e-06,-0.428549,0.0129619,1,0,-0.000440577,-7.04419e-07,0.999999,-0.00159885,0.000440577,0.00159885,0.999999
0.142864,-0.42859,0.012927,1,0,-0.000455404,5.95021e-07,0.999999,0.00130658,0.000455403,-0.00130658,0.999999
0.285718,-0.428647,0.0133913,1,0,-0.000258275,1.39279e-06,0.999985,0.00539265,0.000258271,-0.00539265,0.999985
0.428568,-0.428721,0.0145232,1,0,0.000222398,-2.37054e-06,0.999943,0.010659,-0.000222385,-0.010659,0.999943
0.571414,-0.428811,0.0164912,0.999999,0,0.0010582,-1.81002e-05,0.999854,0.0171047,-0.00105805,-0.0171047,0.999853
0.714253,-0.428918,0.0194637,0.999997,0,0.00232072,-5.73865e-05,0.999694,0.0247278,-0.00232001,-0.0247278,0.999692
0.857086,-0.429041,0.0236088,0.999992,0,0.00408153,-0.000136835,0.999438,0.0335251,-0.00407923,-0.0335254,0.99943
0.99991,-0.42918,0.0290948,0.999979,0,0.00641216,-0.000278879,0.999054,0.0434912,-0.0064061,-0.0434921,0.999033
-1.00001,-0.28587,0.0130208,1,0,0.000389513,-4.32945e-06,0.999938,0.011115,-0.000389489,-0.011115,0.999938
-0.857142,-0.285795,0.0142128,1,0,-8.48291e-05,4.88583e-07,0.999983,0.00575961,8.48277e-05,-0.00575961,0.999983
-0.714282,-0.285736,0.0147235,1,0,-0.00028808,4.5621e-07,0.999999,0.00158363,0.000288079,-0.00158363,0.999999
-0.571425,-0.285695,0.0147217,1,0,-0.000287353,-4.05892e-07,0.999999,-0.00141252,0.000287353,0.00141252,0.999999
-0.428569,-0.285669,0.0143761,1,0,-0.000149763,-4.83544e-07,0.999995,-0.00322872,0.000149763,0.00322872,0.999995
-0.285715,-0.28566,0.0138553,1,0,5.75749e-05,2.22527e-07,0.999993,-0.00386499,-5.75745e-05,0.00386499,0.999993
-0.142861,-0.285668,0.013328,1,0,0.000267548,8.88622e-07,0.999994,-0.00332136,-0.000267546,0.00332136,0.999994
-5.78257e-06,-0.285692,0.0129626,1,0,0.000413041,6.59955e-07,0.999999,-0.00159779,-0.000413041,0.00159779,0.999999
0.142851,-0.285733,0.0129277,1,0,0.000426941,-5.57463e-07,0.999999,0.00130571,-0.00042694,-0.00130571,0.999999
0.285711,-0.28579,0.0133917,1,0,0.000242132,-1.30487e-06,0.999985,0.00538908,-0.000242129,-0.00538908,0.999985
0.428574,-0.285863,0.0145229,1,0,-0.000208498,2.22091e-06,0.999943,0.0106519,0.000208486,-0.0106519,0.999943
0.571442,-0.285954,0.0164896,1,0,-0.000992064,1.69577e-05,0.999854,0.0170933,0.000991919,-0.0170933,0.999853
0.714316,-0.28606,0.0194601,0.999998,0,-0.00217568,5.37642e-05,0.999695,0.0247114,0.00217501,-0.0247115,0.999692
0.857196,-0.286183,0.0236025,0.999993,0,-0.00382644,0.000128198,0.999439,0.033503,0.00382429,-0.0335032,0.999431
1.00008,-0.286323,0.0290849,0.999982,0,-0.00601142,0.000261277,0.999055,0.0434627,0.00600574,-0.0434635,0.999037
-1.00001,-0.142997,0.0131216,1,0,0.000984218,-9.81448e-06,0.99995,0.00997185,-0.000984169,-0.00997185,0.99995
-0.85714,-0.142929,0.014191,1,0,-0.000214346,1.10757e-06,0.999987,0.00516719,0.000214343,-0.00516719,0.999987
-0.714276,-0.142877,0.0146491,1,0,-0.000727918,1.03418e-06,0.999999,0.00142073,0.000727917,-0.00142073,0.999999
-0.571418,-0.142839,0.0146475,1,0,-0.000726082,-9.20111e-07,0.999999,-0.00126723,0.000726081,0.00126723,0.999999
-0.428566,-0.142817,0.0143374,1,0,-0.000378421,-1.09614e-06,0.999996,-0.00289662,0.00037842,0.00289662,0.999996
-0.285716,-0.142809,0.0138702,1,0,0.00014548,5.04444e-07,0.999994,-0.00346744,-0.000145479,0.00346744,0.999994
-0.142867,-0.142815,0.0133971,1,0,0.000676039,2.01441e-06,0.999996,-0.00297972,-0.000676036,0.00297972,0.999995
-1.46114e-05,-0.142837,0.0130693,0.999999,0,0.00104367,1.49604e-06,0.999999,-0.00143344,-0.00104367,0.00143344,0.999998
0.142842,-0.142874,0.013038,0.999999,0,0.00107879,-1.2637e-06,0.999999,0.00117141,-0.00107879,-0.00117141,0.999999
0.285706,-0.142925,0.0134543,1,0,0.000611819,-2.958e-06,0.999988,0.00483477,-0.000611812,-0.00483477,0.999988
0.428579,-0.142991,0.0144692,1,0,-0.000526832,5.0346e-06,0.999954,0.00955637,0.000526808,-0.00955637,0.999954
0.571464,-0.143072,0.0162337,0.999997,0,-0.00250674,3.84421e-05,0.999882,0.0153355,0.00250644,-0.0153355,0.999879
0.714363,-0.143168,0.0188987,0.999985,0,-0.00549742,0.000121882,0.999754,0.0221704,0.00549607,-0.0221707,0.999739
0.857278,-0.143278,0.0226149,0.999953,0,-0.00966824,0.000290619,0.999548,0.0300577,0.00966387,-0.0300592,0.999501
1.00021,-0.143403,0.0275331,0.999885,0,-0.0151881,0.00059228,0.999239,0.0389917,0.0151766,-0.0389962,0.999124
-1.00002,-0.000112477,0.0132924,0.999999,0,0.00136864,-1.09957e-05,0.999968,0.00803405,-0.00136859,-0.00803406,0.999967
-0.857139,-5.82823e-05,0.0141539,1,0,-0.000298066,1.24085e-06,0.999991,0.00416302,0.000298063,-0.00416302,0.999991
-0.714272,-1.60248e-05,0.0145229,0.999999,0,-0.00101223,1.15863e-06,0.999999,0.00114463,0.00101223,-0.00114463,0.999999
-0.571414,1.42934e-05,0.0145216,0.999999,0,-0.00100968,-1.03083e-06,0.999999,-0.00102095,0.00100968,0.00102095,0.999999
-0.428564,3.26717e-05,0.0142718,1,0,-0.000526226,-1.22805e-06,0.999997,-0.00233369,0.000526225,0.00233369,0.999997
-0.285717,3.91102e-05,0.0138954,1,0,0.000202302,5.65149e-07,0.999996,-0.00279359,-0.000202301,0.00279359,0.999996
-0.14287,3.36091e-05,0.0135143,1,0,0.000940087,2.25682e-06,0.999997,-0.00240065,-0.000940085,0.00240065,0.999997
-2.03183e-05,1.61682e-05,0.0132502,0.999999,0,0.00145131,1.67607e-06,0.999999,-0.00115487,-0.00145131,0.00115487,0.999998
0.142836,-1.32126e-05,0.0132249,0.999999,0,0.00150015,-1.41577e-06,1,0.000943755,-0.00150015,-0.000943756,0.999998
0.285702,-5.45328e-05,0.0135603,1,0,0.000850785,-3.31397e-06,0.999992,0.0038952,-0.000850778,-0.0038952,0.999992
0.428582,-0.00010779,0.0143781,1,0,-0.000732603,5.64054e-06,0.99997,0.00769931,0.000732582,-0.00769931,0.99997
0.571477,-0.000172979,0.0157998,0.999994,0,-0.00348582,4.30696e-05,0.999924,0.0123556,0.00348555,-0.0123557,0.999918
0.714393,-0.000250086,0.0179469,0.999971,0,-0.00764451,0.000136556,0.99984,0.0178628,0.00764329,-0.0178633,0.999811
0.857331,-0.000339083,0.0209409,0.99991,0,-0.0134439,0.000325614,0.999707,0.024218,0.01344,-0.0242202,0.999616
1.0003,-0.000439917,0.0249029,0.999777,0,-0.0211181,0.000663587,0.999506,0.0314157,0.0211077,-0.0314227,0.999283
-1.00002,0.142778,0.0135031,0.999999,0,0.00154277,-8.70565e-06,0.999984,0.00564287,-0.00154274,-0.00564288,0.999983
-0.857138,0.142816,0.0141081,1,0,-0.000335989,9.82412e-07,0.999996,0.00292394,0.000335987,-0.00292394,0.999996
-0.71427,0.142846,0.0143673,0.999999,0,-0.00114102,9.17307e-07,1,0.000803938,0.00114102,-0.000803939,0.999999
-0.571413,0.142867,0.0143664,0.999999,0,-0.00113814,-8.16132e-07,1,-0.000717076,0.00113814,0.000717076,0.999999
-0.428563,0.14288,0.0141909,1,0,-0.000593178,-9.72272e-07,0.999999,-0.00163909,0.000593177,0.00163909,0.999998
-0.285717,0.142885,0.0139266,1,0,0.000228041,4.4744e-07,0.999998,-0.0019621,-0.000228041,0.0019621,0.999998
-0.142872,0.142881,0.0136588,0.999999,0,0.00105969,1.78677e-06,0.999999,-0.00168612,-0.00105969,0.00168612,0.999998
-2.29034e-05,0.142868,0.0134733,0.999999,0,0.00163596,1.32698e-06,1,-0.00081113,-0.00163596,0.000811131,0.999998
0.142833,0.142848,0.0134556,0.999999,0,0.00169101,-1.1209e-06,1,0.000662854,-0.00169101,-0.000662855,0.999998
0.285701,0.142819,0.0136912,1,0,0.00095903,-2.62375e-06,0.999996,0.00273583,-0.000959027,-0.00273583,0.999996
0.428583,0.142781,0.0142656,1,0,-0.000825813,4.46579e-06,0.999985,0.00540775,0.000825801,-0.00540776,0.999985
0.571484,0.142736,0.0152643,0.999992,0,-0.00392931,3.41003e-05,0.999962,0.00867837,0.00392916,-0.00867843,0.999955
0.714406,0.142681,0.0167724,0.999963,0,-0.00861706,0.000108121,0.999921,0.0125469,0.00861638,-0.0125474,0.999884
0.857355,0.142619,0.0188752,0.999885,0,-0.015154,0.000257821,0.999855,0.0170114,0.0151518,-0.0170134,0.99974
1.00033,0.142548,0.0216574,0.999717,0,-0.0238035,0.000525443,0.999756,0.0220679,0.0237977,-0.0220742,0.999473
-1.00002,0.28567,0.0137236,0.999999,0,0.00150661,-4.7302e-06,0.999995,0.00313962,-0.00150661,-0.00313962,0.999994
-0.857138,0.285692,0.0140602,1,0,-0.000328115,5.33787e-07,0.999999,0.00162683,0.000328114,-0.00162683,0.999999
-0.71427,0.285708,0.0142044,0.999999,0,-0.00111428,4.98412e-07,1,0.000447296,0.00111428,-0.000447296,0.999999
-0.571413,0.28572,0.0142038,0.999999,0,-0.00111147,-4.43439e-07,1,-0.000398967,0.00111147,0.000398967,0.999999
-0.428563,0.285727,0.0141062,1,0,-0.000579277,-5.28277e-07,1,-0.000911958,0.000579277,0.000911959,0.999999
-0.285717,0.28573,0.0139591,1,0,0.000222697,2.43113e-07,0.999999,-0.00109168,-0.000222697,0.00109168,0.999999
-0.142872,0.285727,0.0138102,0.999999,0,0.00103486,9.70828e-07,1,-0.000938123,-0.00103486,0.000938124,0.999999
-2.23667e-05,0.285721,0.013707,0.999999,0,0.00159762,7.21003e-07,1,-0.000451297,-0.00159762,0.000451298,0.999999
0.142834,0.285709,0.0136971,0.999999,0,0.00165138,-6.0903e-07,1,0.000368799,-0.00165138,-0.0003688,0.999999
0.285701,0.285693,0.0138282,1,0,0.000936555,-1.4256e-06,0.999999,0.00152217,-0.000936554,-0.00152217,0.999998
0.428583,0.285672,0.0141478,1,0,-0.00080646,2.42648e-06,0.999995,0.0030088,0.000806456,-0.0030088,0.999995
0.571482,0.285647,0.0147035,0.999993,0,-0.00383723,1.85286e-05,0.999988,0.0048286,0.00383718,-0.00482864,0.999981
0.714404,0.285617,0.0155426,0.999965,0,-0.00841513,5.87503e-05,0.999976,0.00698126,0.00841493,-0.0069815,0.99994
0.85735,0.285582,0.0167123,0.99989,0,-0.0147989,0.0001401,0.999955,0.00946588,0.0147983,-0.00946692,0.999846
1.00033,0.285542,0.0182597,0.99973,0,-0.023246,0.000285551,0.999925,0.0122805,0.0232442,-0.0122839,0.999654
-1.00002,0.428559,0.0139238,0.999999,0,0.00126017,-1.09089e-06,1,0.000865663,-0.00126017,-0.000865664,0.999999
-0.857139,0.428565,0.0140166,1,0,-0.000274444,1.23102e-07,1,0.000448552,0.000274444,-0.000448552,1
-0.714273,0.42857,0.0140563,1,0,-0.000932011,1.14944e-07,1,0.000123329,0.000932011,-0.000123329,1
-0.571416,0.428573,0.0140562,1,0,-0.00092966,-1.02266e-07,1,-0.000110004,0.00092966,0.000110004,1
-0.428565,0.428575,0.0140293,1,0,-0.000484523,-1.21831e-07,1,-0.000251446,0.000484523,0.000251446,1
-0.285717,0.428576,0.0139887,1,0,0.00018627,5.60669e-08,1,-0.000300998,-0.00018627,0.000300998,1
-0.142869,0.428575,0.0139477,1,0,0.000865586,2.23893e-07,1,-0.00025866,-0.000865586,0.00025866,1
-1.87081e-05,0.428573,0.0139192,0.999999,0,0.00133629,1.66278e-07,1,-0.000124432,-0.00133629,0.000124432,0.999999
0.142838,0.42857,0.0139165,0.999999,0,0.00138126,-1.40455e-07,1,0.000101686,-0.00138126,-0.000101686,0.999999
0.285703,0.428566,0.0139526,1,0,0.00078336,-3.28772e-07,1,0.000419694,-0.00078336,-0.000419694,1
0.428581,0.42856,0.0140408,1,0,-0.000674545,5.59597e-07,1,0.000829592,0.000674545,-0.000829593,0.999999
0.571474,0.428553,0.014194,0.999995,0,-0.00320957,4.27314e-06,0.999999,0.00133137,0.00320957,-0.00133137,0.999994
0.714384,0.428544,0.0144252,0.999975,0,-0.00703872,1.35496e-05,0.999998,0.00192496,0.0070387,-0.00192501,0.999973
0.857316,0.428535,0.0147473,0.999923,0,-0.0123786,3.23135e-05,0.999997,0.00261022,0.0123786,-0.00261042,0.99992
1.00027,0.428524,0.0151731,0.999811,0,-0.0194452,6.58691e-05,0.999994,0.00338679,0.019445,-0.00338743,0.999805
-1.00001,0.57144,0.0140737,1,0,0.000803445,6.7298e-07,1,-0.000837617,-0.000803445,0.000837618,0.999999
-0.85714,0.571435,0.0139839,1,0,-0.000174976,-7.59431e-08,1,-0.000434019,0.000174976,0.000434019,1
-0.714277,0.57143,0.0139455,1,0,-0.00059422,-7.09102e-08,1,-0.000119333,0.00059422,0.000119333,1
-0.57142,0.571427,0.0139456,1,0,-0.000592721,6.3089e-08,1,0.00010644,0.000592721,-0.00010644,1
-0.428567,0.571425,0.0139717,1,0,-0.000308916,7.51591e-08,1,0.0002433,0.000308916,-0.0002433,1
-0.285716,0.571424,0.0140109,1,0,0.000118759,-3.45883e-08,1,0.000291246,-0.000118759,-0.000291246,1
-0.142865,0.571425,0.0140506,1,0,0.000551869,-1.38122e-07,1,0.00025028,-0.000551869,-0.00025028,1
-1.19277e-05,0.571427,0.0140782,1,0,0.000851977,-1.02579e-07,1,0.000120401,-0.000851977,-0.000120401,1
0.142845,0.57143,0.0140808,1,0,0.000880648,8.66481e-08,1,-9.83913e-05,-0.000880648,9.83914e-05,1
0.285707,0.571434,0.0140458,1,0,0.000499445,2.02823e-07,1,-0.000406097,-0.000499445,0.000406097,1
0.428577,0.57144,0.0139605,1,0,-0.000430068,-3.45222e-07,1,-0.000802715,0.000430068,0.000802715,1
0.571457,0.571447,0.0138122,0.999998,0,-0.00204632,-2.63616e-06,0.999999,-0.00128824,0.00204632,0.00128824,0.999997
0.714349,0.571455,0.0135881,0.99999,0,-0.00448772,-8.35914e-06,0.999998,-0.00186265,0.00448771,0.00186267,0.999988
0.857253,0.571464,0.0132753,0.999969,0,-0.00789258,-1.99363e-05,0.999997,-0.00252588,0.00789255,0.00252596,0.999966
1.00017,0.571474,0.0128611,0.999923,0,-0.012399,-4.06445e-05,0.999995,-0.0032778,0.0123989,0.00327805,0.999918
-1,0.714309,0.0141433,1,0,0.00013643,2.22226e-07,0.999999,-0.00162887,-0.00013643,0.00162887,0.999999
-0.857142,0.714298,0.0139688,1,0,-2.97121e-05,-2.50773e-08,1,-0.000844012,2.9712e-05,0.000844012,1
-0.714284,0.714289,0.013894,1,0,-0.000100902,-2.34154e-08,1,-0.00023206,0.000100902,0.00023206,1
-0.571427,0.714283,0.0138942,1,0,-0.000100648,2.08328e-08,1,0.000206987,0.000100648,-0.000206987,1
-0.428571,0.714279,0.0139449,1,0,-5.24558e-05,2.48184e-08,1,0.000473131,5.24558e-05,-0.000473131,1
-0.285715,0.714278,0.0140212,1,0,2.01661e-05,-1.14215e-08,1,0.00056637,-2.01661e-05,-0.00056637,1
-0.142858,0.714279,0.0140985,1,0,9.37107e-05,-4.56095e-08,1,0.000486705,-9.37107e-05,-0.000486705,1
-2.02539e-06,0.714282,0.014152,1,0,0.000144671,-3.38728e-08,1,0.000234137,-0.000144671,-0.000234137,1
0.142855,0.714288,0.0141571,1,0,0.000149539,2.86123e-08,1,-0.000191336,-0.000149539,0.000191336,1
0.285713,0.714297,0.0140891,1,0,8.48088e-05,6.69746e-08,1,-0.000789713,-8.48087e-05,0.000789713,1
0.428572,0.714308,0.0139232,1,0,-7.30281e-05,-1.13996e-07,0.999999,-0.00156099,7.3028e-05,0.00156099,0.999999
0.571433,0.714321,0.0136348,1,0,-0.000347478,-8.70493e-07,0.999997,-0.00250517,0.000347477,0.00250517,0.999997
0.714296,0.714336,0.0131992,1,0,-0.000762049,-2.76033e-06,0.999993,-0.00362224,0.000762044,0.00362224,0.999993
0.857162,0.714354,0.0125915,0.999999,0,-0.00134025,-6.58356e-06,0.999988,-0.00491219,0.00134023,0.0049122,0.999987
1.00003,0.714375,0.0117872,0.999998,0,-0.00210558,-1.34231e-05,0.99998,-0.006375,0.00210554,0.00637502,0.999977
-0.99999,0.857159,0.0141027,1,0,-0.000740872,-8.64409e-07,0.999999,-0.00116674,0.000740872,0.00116674,0.999999
-0.857145,0.857151,0.0139776,1,0,0.000161349,9.75452e-08,1,-0.000604559,-0.000161349,0.000604559,1
-0.714293,0.857145,0.0139241,1,0,0.000547942,9.10806e-08,1,-0.000166223,-0.000547942,0.000166223,1
-0.571436,0.857141,0.0139242,1,0,0.00054656,-8.10347e-08,1,0.000148263,-0.00054656,-0.000148263,1
-0.428575,0.857138,0.0139605,1,0,0.000284857,-9.65381e-08,1,0.0003389,-0.000284857,-0.0003389,1
-0.285713,0.857137,0.0140152,1,0,-0.00010951,4.44269e-08,1,0.000405687,0.00010951,-0.000405687,1
-0.14285,0.857138,0.0140705,1,0,-0.000508889,1.77411e-07,1,0.000348623,0.000508889,-0.000348623,1
1.09987e-05,0.857141,0.0141089,1,0,-0.000785625,1.31757e-07,1,0.00016771,0.000785625,-0.00016771,1
0.142869,0.857145,0.0141125,1,0,-0.000812062,-1.11295e-07,1,-0.000137053,0.000812062,0.000137053,1
0.285721,0.857151,0.0140638,1,0,-0.000460548,-2.60516e-07,1,-0.000565665,0.000460548,0.000565665,1
0.428566,0.857159,0.013945,1,0,0.000396574,4.4342e-07,0.999999,-0.00111813,-0.000396573,0.00111813,0.999999
0.571402,0.857168,0.0137384,0.999998,0,0.00188695,3.38601e-06,0.999998,-0.00179443,-0.00188695,0.00179443,0.999997
0.714228,0.857179,0.0134263,0.999991,0,0.00413822,1.07369e-05,0.999997,-0.00259455,-0.00413821,0.00259457,0.999988
0.857041,0.857192,0.0129908,0.999974,0,0.00727793,2.56074e-05,0.999994,-0.00351841,-0.00727789,0.0035185,0.999967
0.99984,0.857207,0.0124142,0.999935,0,0.0114335,5.22067e-05,0.99999,-0.00456583,-0.0114334,0.00456613,0.999924
-0.999974,0.999988,0.0139216,0.999998,0,-0.00182846,1.62748e-06,1,0.000890084,0.00182846,-0.000890085,0.999998
-0.857148,0.999994,0.0140171,1,0,0.000398207,-1.83656e-07,1,0.000461206,-0.000398207,-0.000461206,1
-0.714305,0.999998,0.0140579,0.999999,0,0.00135231,-1.71484e-07,1,0.000126808,-0.00135231,-0.000126808,0.999999
-0.571447,1,0.0140578,0.999999,0,0.0013489,1.5257e-07,1,-0.000113107,-0.0013489,0.000113107,0.999999
-0.428581,1,0.0140301,1,0,0.000703023,1.8176e-07,1,-0.00025854,-0.000703023,0.00025854,1
-0.285711,1,0.0139884,1,0,-0.00027027,-8.36459e-08,1,-0.00030949,0.00027027,0.00030949,1
-0.14284,1,0.0139462,0.999999,0,-0.00125593,-3.34024e-07,1,-0.000265957,0.00125593,0.000265958,0.999999
2.71447e-05,1,0.0139169,0.999998,0,-0.00193891,-2.48069e-07,1,-0.000127942,0.00193891,0.000127943,0.999998
0.142885,0.999999,0.0139141,0.999998,0,-0.00200415,2.09543e-07,1,0.000104554,0.00200415,-0.000104554,0.999998
0.28573,0.999994,0.0139513,0.999999,0,-0.00113662,4.90493e-07,1,0.000431534,0.00113662,-0.000431534,0.999999
0.428558,0.999988,0.0140419,1,0,0.000978737,-8.3486e-07,1,0.000852996,-0.000978737,-0.000852997,0.999999
0.571363,0.999981,0.0141994,0.999989,0,0.00465693,-6.375e-06,0.999999,0.00136891,-0.00465693,-0.00136893,0.999988
0.714143,0.999972,0.0144368,0.999948,0,0.0102126,-2.02135e-05,0.999998,0.00197916,-0.0102126,-0.00197926,0.999946
0.856891,0.999962,0.0147672,0.999839,0,0.0179594,-4.82001e-05,0.999996,0.00268341,-0.0179593,-0.00268384,0.999835
0.999605,0.999951,0.0152033,0.999602,0,0.0282082,-9.82286e-05,0.999994,0.00348088,-0.0282081,-0.00348227,0.999596
