x,y,z,tau1_x,tau1_y,tau1_z,tau2_x,tau2_y,tau2_z,normal_x,normal_y,normal_z
-1,-1,0.00105029,0.999952,0,-0.00978179,-0.000116234,0.999929,-0.0118821,0.0097811,0.0118827,0.999882
-1,-0.9,7.3767e-05,1,0,-0.000687059,-5.32395e-06,0.99997,-0.0077489,0.000687038,0.00774891,0.99997
-1,-0.8,-0.000520121,0.999988,0,0.0048443,2.04983e-05,0.999991,-0.00423137,-0.00484426,0.00423142,0.999979
-1,-0.7,-0.000793113,0.999973,0,0.00738678,9.83319e-06,0.999999,-0.00133115,-0.00738677,0.00133119,0.999972
-1,-0.6,-0.000806944,0.999972,0,0.00751559,-7.15247e-06,1,0.000951657,-0.00751559,-0.000951684,0.999971
-1,-0.5,-0.000623349,0.999983,0,0.00580572,-1.5195e-05,0.999997,0.0026172,-0.0058057,-0.00261725,0.99998
-1,-0.4,-0.000304062,0.999996,0,0.002832,-1.03807e-05,0.999993,0.00366549,-0.00283198,-0.0036655,0.999989
-1,-0.3,8.91811e-05,1,0,-0.000830625,3.40257e-06,0.999992,0.0040964,0.000830618,-0.0040964,0.999991
-1,-0.2,0.000494647,0.999989,0,-0.00460704,1.80131e-05,0.999992,0.00390987,0.00460701,-0.00390991,0.999982
-1,-0.1,0.000850599,0.999969,0,-0.00792216,2.46068e-05,0.999995,0.00310597,0.00792212,-0.00310607,0.999964
-1,0,0.0010953,0.999948,0,-0.010201,1.71882e-05,0.999999,0.00168486,0.010201,-0.00168494,0.999947
-1,0.1,0.00116703,0.999941,0,-0.0108689,-3.84154e-06,1,-0.000353421,0.0108689,0.000353441,0.999941
-1,0.2,0.00100403,0.999956,0,-0.00935107,-2.81389e-05,0.999995,-0.00300903,0.00935103,0.00300916,0.999952
-1,0.3,0.000544589,0.999987,0,-0.00507218,-3.18649e-05,0.99998,-0.00628221,0.00507208,0.00628229,0.999967
-1,0.4,-0.000273044,0.999997,0,0.00254309,2.58696e-05,0.999948,-0.0101724,-0.00254296,0.0101725,0.999945
-1,0.5,-0.0015106,0.999901,0,0.0140682,0.000206491,0.999892,-0.0146764,-0.0140667,0.0146779,0.999793
-1,0.6,-0.00322981,0.999548,0,0.0300685,0.000595156,0.999804,-0.0197844,-0.0300626,0.0197933,0.999352
-1,0.7,-0.00549241,0.998694,0,0.051089,0.00130313,0.999675,-0.0254738,-0.0510723,0.0255071,0.998369
-1,0.8,-0.00836013,0.996982,0,0.0776305,0.00246836,0.999494,-0.0317003,-0.0775913,0.0317963,0.996478
-1,0.9,-0.0118947,0.993919,0,0.110113,0.00425262,0.999254,-0.0383858,-0.11003,0.0386206,0.993178
-1,1,-0.0161579,0.988865,0,0.148817,0.00683288,0.998945,-0.0454032,-0.14866,0.0459145,0.987822
-0.9,-1,0.000173607,0.99997,0,-0.00778033,-1.52831e-05,0.999998,-0.00196426,0.00778031,0.00196432,0.999968
-0.9,-0.9,1.21933e-05,1,0,-0.000546469,-6.99969e-07,0.999999,-0.00128089,0.000546469,0.00128089,0.999999
-0.9,-0.8,-8.59735e-05,0.999993,0,0.00385305,2.69499e-06,1,-0.000699437,-0.00385305,0.000699443,0.999992
-0.9,-0.7,-0.000131098,0.999983,0,0.00587532,1.29281e-06,1,-0.000220037,-0.00587532,0.000220041,0.999983
-0.9,-0.6,-0.000133384,0.999982,0,0.00597777,-9.40366e-07,1,0.000157308,-0.00597777,-0.00015731,0.999982
-0.9,-0.5,-0.000103037,0.999989,0,0.00461775,-1.99774e-06,1,0.000432618,-0.00461775,-0.000432622,0.999989
-0.9,-0.4,-5.026e-05,0.999997,0,0.0022525,-1.36478e-06,1,0.000605893,-0.0022525,-0.000605895,0.999997
-0.9,-0.3,1.47412e-05,1,0,-0.000660658,4.47345e-07,1,0.000677121,0.000660658,-0.000677121,1
-0.9,-0.2,8.17627e-05,0.999993,0,-0.00366434,2.36825e-06,1,0.000646292,0.00366434,-0.000646297,0.999993
-0.9,-0.1,0.0001406,0.99998,0,-0.00630116,3.23518e-06,1,0.000513416,0.00630115,-0.000513427,0.99998
-0.9,0,0.000181049,0.999967,0,-0.0081138,2.25985e-06,1,0.000278509,0.0081138,-0.000278519,0.999967
-0.9,0.1,0.000192904,0.999963,0,-0.00864507,-5.05075e-07,1,-5.84212e-05,0.00864507,5.84234e-05,0.999963
-0.9,0.2,0.000165962,0.999972,0,-0.00743773,-3.6996e-06,1,-0.000497396,0.00743772,0.00049741,0.999972
-0.9,0.3,9.00178e-05,0.999992,0,-0.0040343,-4.18945e-06,0.999999,-0.00103845,0.0040343,0.00103846,0.999991
-0.9,0.4,-4.51328e-05,0.999998,0,0.00202271,3.40129e-06,0.999999,-0.00168154,-0.00202271,0.00168155,0.999997
-0.9,0.5,-0.000249694,0.999937,0,0.0111899,2.71525e-05,0.999997,-0.00242637,-0.0111898,0.00242653,0.999934
-0.9,0.6,-0.000533871,0.999714,0,0.0239197,7.8287e-05,0.999995,-0.00327197,-0.0239196,0.00327291,0.999709
-0.9,0.7,-0.000907868,0.999173,0,0.0406544,0.000171543,0.999991,-0.00421606,-0.040654,0.00421955,0.999164
-0.9,0.8,-0.00138189,0.998088,0,0.0618138,0.000325399,0.999986,-0.00525412,-0.061813,0.00526419,0.998074
-0.9,0.9,-0.00196614,0.99614,0,0.0877765,0.000562008,0.99998,-0.006378,-0.0877747,0.00640272,0.99612
-0.9,1,-0.00267082,0.992912,0,0.11885,0.000906628,0.999971,-0.00757427,-0.118847,0.00762833,0.992883
-0.8,-1,-0.000511679,0.999982,0,-0.00595431,3.44726e-05,0.999983,0.00578942,0.00595421,-0.00578952,0.999966
-0.8,-0.9,-3.59379e-05,1,0,-0.00041821,1.57883e-06,0.999993,0.00377521,0.000418207,-0.00377521,0.999993
-0.8,-0.8,0.000253393,0.999996,0,0.00294873,-6.07879e-06,0.999998,0.00206149,-0.00294872,-0.0020615,0.999994
-0.8,-0.7,0.00038639,0.99999,0,0.00449638,-2.91609e-06,1,0.000648534,-0.00449638,-0.000648541,0.99999
-0.8,-0.6,0.000393128,0.99999,0,0.00457479,2.12111e-06,1,-0.000463646,-0.00457479,0.000463651,0.999989
-0.8,-0.5,0.000303684,0.999994,0,0.00353395,4.50611e-06,0.999999,-0.00127508,-0.00353395,0.00127509,0.999993
-0.8,-0.4,0.000148133,0.999999,0,0.00172383,3.07837e-06,0.999998,-0.00178577,-0.00172383,0.00178578,0.999997
-0.8,-0.3,-4.34474e-05,1,0,-0.000505598,-1.00902e-06,0.999998,-0.0019957,0.000505597,0.0019957,0.999998
-0.8,-0.2,-0.000240982,0.999996,0,-0.00280431,-5.34181e-06,0.999998,-0.00190485,0.0028043,0.00190486,0.999994
-0.8,-0.1,-0.000414396,0.999988,0,-0.00482228,-7.29733e-06,0.999999,-0.00151324,0.00482227,0.00151325,0.999987
-0.8,0,-0.000533612,0.999981,0,-0.00620953,-5.09741e-06,1,-0.000820884,0.00620953,0.0008209,0.99998
-0.8,0.1,-0.000568554,0.999978,0,-0.00661613,1.13927e-06,1,0.000172193,0.00661613,-0.000172196,0.999978
-0.8,0.2,-0.000489146,0.999984,0,-0.00569211,8.34493e-06,0.999999,0.00146603,0.00569211,-0.00146605,0.999983
-0.8,0.3,-0.000265313,0.999995,0,-0.00308744,9.44968e-06,0.999995,0.00306067,0.00308743,-0.00306068,0.999991
-0.8,0.4,0.000133022,0.999999,0,0.00154797,-7.67182e-06,0.999988,0.00495604,-0.00154795,-0.00495604,0.999987
-0.8,0.5,0.000735934,0.999963,0,0.00856377,-6.12465e-05,0.999974,0.00715156,-0.00856355,-0.00715182,0.999938
-0.8,0.6,0.0015735,0.999832,0,0.0183078,-0.000176617,0.999953,0.0096455,-0.0183069,-0.00964712,0.999786
-0.8,0.7,0.0026758,0.999516,0,0.0311232,-0.000387169,0.999923,0.0124338,-0.0311208,-0.0124399,0.999438
-0.8,0.8,0.0040729,0.998879,0,0.0473432,-0.000735051,0.999879,0.0155086,-0.0473375,-0.015526,0.998758
-0.8,0.9,0.00579488,0.997734,0,0.0672823,-0.00127151,0.999821,0.0188554,-0.0672703,-0.0188982,0.997556
-0.8,1,0.00787182,0.995831,0,0.0912226,-0.00205655,0.999746,0.0224503,-0.0911994,-0.0225443,0.995577
-0.7,-1,-0.00102313,0.999991,0,-0.00430379,4.98205e-05,0.999933,0.0115758,0.0043035,-0.011576,0.999924
-0.7,-0.9,-7.18596e-05,1,0,-0.00030228,2.28178e-06,0.999972,0.00754856,0.000302272,-0.00754856,0.999971
-0.7,-0.8,0.000506672,0.999998,0,0.00213133,-8.78547e-06,0.999992,0.00412204,-0.00213132,-0.00412205,0.999989
-0.7,-0.7,0.000772606,0.999995,0,0.00324998,-4.21456e-06,0.999999,0.00129679,-0.00324998,-0.0012968,0.999994
-0.7,-0.6,0.00078608,0.999995,0,0.00330666,3.0656e-06,1,-0.000927093,-0.00330666,0.000927098,0.999994
-0.7,-0.5,0.000607231,0.999997,0,0.00255434,6.51256e-06,0.999997,-0.0025496,-0.00255433,0.00254961,0.999993
-0.7,-0.4,0.0002962,0.999999,0,0.00124598,4.44906e-06,0.999994,-0.00357074,-0.00124597,0.00357074,0.999993
-0.7,-0.3,-8.68752e-05,1,0,-0.000365444,-1.4583e-06,0.999992,-0.00399048,0.000365441,0.00399049,0.999992
-0.7,-0.2,-0.000481857,0.999998,0,-0.00202695,-7.72033e-06,0.999993,-0.00380884,0.00202693,0.00380885,0.999991
-0.7,-0.1,-0.000828606,0.999994,0,-0.00348554,-1.05467e-05,0.999995,-0.00302582,0.00348553,0.00302583,0.999989
-0.7,0,-0.00106698,0.99999,0,-0.00448827,-7.36725e-06,0.999999,-0.00164143,0.00448826,0.00164145,0.999989
-0.7,0.1,-0.00113685,0.999989,0,-0.00478216,1.64659e-06,1,0.000344315,0.00478216,-0.000344319,0.999989
-0.7,0.2,-0.000978073,0.999992,0,-0.00411427,1.20608e-05,0.999996,0.00293143,0.00411425,-0.00293146,0.999987
-0.7,0.3,-0.000530507,0.999998,0,-0.0022316,1.36572e-05,0.999981,0.00611991,0.00223155,-0.00611992,0.999979
-0.7,0.4,0.000265984,0.999999,0,0.00111887,-1.10874e-05,0.999951,0.0099095,-0.00111881,-0.0099095,0.99995
-0.7,0.5,0.00147154,0.999981,0,0.00618997,-8.8514e-05,0.999898,0.0142993,-0.00618933,-0.0142996,0.999879
-0.7,0.6,0.00314629,0.999912,0,0.0132339,-0.000255265,0.999814,0.0192871,-0.0132314,-0.0192888,0.999726
-0.7,0.7,0.00535039,0.999747,0,0.0225009,-0.000559691,0.999691,0.0248678,-0.022494,-0.0248741,0.999437
-0.7,0.8,0.00814397,0.999414,0,0.0342378,-0.0010631,0.999518,0.0310322,-0.0342213,-0.0310504,0.998932
-0.7,0.9,0.0115872,0.998814,0,0.0486841,-0.00184067,0.999285,0.0377637,-0.0486493,-0.0378085,0.9981
-0.7,1,0.0157401,0.997815,0,0.0660668,-0.00298184,0.998981,0.0450352,-0.0659994,-0.0451338,0.996798
-0.6,-1,-0.0013783,0.999996,0,-0.00282879,4.41112e-05,0.999878,0.0155936,0.00282845,-0.0155937,0.999874
-0.6,-0.9,-9.6805e-05,1,0,-0.000198681,2.02034e-06,0.999948,0.0101687,0.000198671,-0.0101687,0.999948
-0.6,-0.8,0.000682559,0.999999,0,0.00140087,-7.77898e-06,0.999985,0.00555294,-0.00140085,-0.00555295,0.999984
-0.6,-0.7,0.00104081,0.999998,0,0.00213614,-3.73177e-06,0.999998,0.00174697,-0.00213613,-0.00174697,0.999996
-0.6,-0.6,0.00105896,0.999998,0,0.00217339,2.71442e-06,0.999999,-0.00124893,-0.00217339,0.00124893,0.999997
-0.6,-0.5,0.000818026,0.999999,0,0.0016789,5.76649e-06,0.999994,-0.00343467,-0.00167889,0.00343468,0.999993
-0.6,-0.4,0.000399023,1,0,0.00081895,3.93936e-06,0.999988,-0.00481026,-0.000818941,0.00481026,0.999988
-0.6,-0.3,-0.000117033,1,0,-0.000240197,-1.29123e-06,0.999986,-0.00537571,0.000240194,0.00537571,0.999986
-0.6,-0.2,-0.000649129,0.999999,0,-0.00133226,-6.83587e-06,0.999987,-0.00513102,0.00133224,0.00513103,0.999986
-0.6,-0.1,-0.00111625,0.999997,0,-0.00229097,-9.33849e-06,0.999992,-0.00407621,0.00229095,0.00407622,0.999989
-0.6,0,-0.00143738,0.999996,0,-0.00295004,-6.52333e-06,0.999998,-0.00221126,0.00295003,0.00221127,0.999993
-0.6,0.1,-0.0015315,0.999995,0,-0.00314321,1.45798e-06,1,0.000463847,0.00314321,-0.000463849,0.999995
-0.6,0.2,-0.0013176,0.999996,0,-0.00270422,1.06792e-05,0.999992,0.00394907,0.0027042,-0.00394909,0.999989
-0.6,0.3,-0.000714668,0.999999,0,-0.00146677,1.20925e-05,0.999966,0.00824427,0.00146672,-0.00824428,0.999965
-0.6,0.4,0.000358317,1,0,0.000735405,-9.81689e-06,0.999911,0.013349,-0.00073534,-0.013349,0.999911
-0.6,0.5,0.00198237,0.999992,0,0.00406855,-7.83691e-05,0.999814,0.019262,-0.0040678,-0.0192621,0.999806
-0.6,0.6,0.0042385,0.999962,0,0.00869871,-0.00022601,0.999662,0.025981,-0.00869578,-0.025982,0.999625
-0.6,0.7,0.00720773,0.999891,0,0.0147914,-0.000495591,0.999439,0.0335016,-0.0147831,-0.0335053,0.999329
-0.6,0.8,0.0109711,0.999747,0,0.0225112,-0.000941569,0.999125,0.0418161,-0.0224915,-0.0418267,0.998872
-0.6,0.9,0.0156095,0.999487,0,0.0320204,-0.00163105,0.998702,0.0509118,-0.0319788,-0.0509379,0.99819
-0.6,1,0.0212041,0.999054,0,0.0434779,-0.0026446,0.998148,0.0607688,-0.0433974,-0.0608263,0.997205
-0.5,-1,-0.00159474,0.999999,0,-0.00152932,2.75917e-05,0.999837,0.0180417,0.00152907,-0.0180417,0.999836
-0.5,-0.9,-0.000112007,1,0,-0.000107412,1.26375e-06,0.999931,0.0117654,0.000107405,-0.0117654,0.999931
-0.5,-0.8,0.000789745,1,0,0.00075735,-4.86593e-06,0.999979,0.00642494,-0.000757334,-0.00642494,0.999979
-0.5,-0.7,0.00120425,0.999999,0,0.00115485,-2.33432e-06,0.999998,0.00202131,-0.00115485,-0.00202131,0.999997
-0.5,-0.6,0.00122525,0.999999,0,0.00117499,1.69794e-06,0.999999,-0.00144506,-0.00117499,0.00144506,0.999998
-0.5,-0.5,0.000946486,1,0,0.00090766,3.60708e-06,0.999992,-0.00397404,-0.000907653,0.00397404,0.999992
-0.5,-0.4,0.000461685,1,0,0.000442746,2.46416e-06,0.999985,-0.00556563,-0.000442739,0.00556563,0.999984
-0.5,-0.3,-0.000135412,1,0,-0.000129857,-8.07692e-07,0.999981,-0.00621986,0.000129854,0.00621986,0.999981
-0.5,-0.2,-0.000751066,1,0,-0.000720257,-4.27599e-06,0.999982,-0.00593676,0.000720244,0.00593676,0.999982
-0.5,-0.1,-0.00129154,0.999999,0,-0.00123856,-5.84146e-06,0.999989,-0.00471633,0.00123855,0.00471633,0.999988
-0.5,0,-0.0016631,0.999999,0,-0.00159488,-4.08052e-06,0.999997,-0.00255852,0.00159487,0.00255852,0.999995
-0.5,0.1,-0.001772,0.999999,0,-0.00169931,9.12007e-07,1,0.000536691,0.00169931,-0.000536692,0.999998
-0.5,0.2,-0.00152451,0.999999,0,-0.00146198,6.68012e-06,0.99999,0.00456924,0.00146196,-0.00456924,0.999988
-0.5,0.3,-0.000826897,1,0,-0.000792977,7.56407e-06,0.999955,0.00953883,0.000792941,-0.00953883,0.999954
-0.5,0.4,0.000414586,1,0,0.00039758,-6.14053e-06,0.999881,0.0154448,-0.000397532,-0.0154448,0.999881
-0.5,0.5,0.00229367,0.999998,0,0.00219958,-4.90193e-05,0.999752,0.0222857,-0.00219903,-0.0222857,0.999749
-0.5,0.6,0.0049041,0.999989,0,0.00470288,-0.000141366,0.999548,0.0300592,-0.00470075,-0.0300595,0.999537
-0.5,0.7,0.0083396,0.999968,0,0.00799726,-0.000309994,0.999248,0.0387613,-0.00799125,-0.0387625,0.999216
-0.5,0.8,0.0126939,0.999926,0,0.0121723,-0.000589011,0.998829,0.0483858,-0.0121581,-0.0483894,0.998755
-0.5,0.9,0.0180608,0.99985,0,0.0173173,-0.00102055,0.998262,0.0589236,-0.0172872,-0.0589325,0.998112
-0.5,1,0.024534,0.999723,0,0.0235211,-0.00165544,0.99752,0.0703616,-0.0234627,-0.070381,0.997244
-0.4,-1,-0.00169001,1,0,-0.000405404,7.75102e-06,0.999817,0.0191192,0.00040533,-0.0191192,0.999817
-0.4,-0.9,-0.000118698,1,0,-2.84736e-05,3.55014e-07,0.999922,0.0124682,2.84714e-05,-0.0124682,0.999922
-0.4,-0.8,0.000836927,1,0,0.000200764,-1.36695e-06,0.999977,0.00680876,-0.000200759,-0.00680876,0.999977
-0.4,-0.7,0.0012762,1,0,0.000306137,-6.55767e-07,0.999998,0.00214207,-0.000306136,-0.00214207,0.999998
-0.4,-0.6,0.00129845,1,0,0.000311476,4.76993e-07,0.999999,-0.0015314,-0.000311475,0.0015314,0.999999
-0.4,-0.5,0.00100303,1,0,0.000240609,1.01332e-06,0.999991,-0.00421146,-0.000240607,0.00421146,0.999991
-0.4,-0.4,0.000489267,1,0,0.000117366,6.92241e-07,0.999983,-0.00589812,-0.000117364,0.00589812,0.999983
-0.4,-0.3,-0.000143501,1,0,-3.44234e-05,-2.26899e-07,0.999978,-0.00659143,3.44226e-05,0.00659143,0.999978
-0.4,-0.2,-0.000795936,1,0,-0.000190931,-1.20123e-06,0.99998,-0.00629143,0.000190927,0.00629143,0.99998
-0.4,-0.1,-0.0013687,1,0,-0.000328326,-1.64101e-06,0.999988,-0.00499809,0.000328322,0.00499809,0.999987
-0.4,0,-0.00176245,1,0,-0.000422781,-1.14632e-06,0.999996,-0.00271138,0.00042278,0.00271138,0.999996
-0.4,0.1,-0.00187786,1,0,-0.000450466,2.56205e-07,1,0.000568756,0.000450466,-0.000568756,1
-0.4,0.2,-0.00161559,1,0,-0.000387551,1.87661e-06,0.999988,0.00484222,0.000387547,-0.00484222,0.999988
-0.4,0.3,-0.000876297,1,0,-0.000210208,2.12492e-06,0.999949,0.0101086,0.000210197,-0.0101086,0.999949
-0.4,0.4,0.000439354,1,0,0.000105393,-1.725e-06,0.999866,0.0163672,-0.000105379,-0.0163672,0.999866
-0.4,0.5,0.0024307,1,0,0.000583081,-1.37703e-05,0.999721,0.0236165,-0.000582919,-0.0236165,0.999721
-0.4,0.6,0.00519708,0.999999,0,0.00124669,-3.97118e-05,0.999493,0.0318539,-0.00124605,-0.0318539,0.999492
-0.4,0.7,0.00883783,0.999998,0,0.00212003,-8.70817e-05,0.999156,0.0410756,-0.00211824,-0.0410757,0.999154
-0.4,0.8,0.0134523,0.999995,0,0.00322694,-0.000165466,0.998684,0.0512762,-0.0032227,-0.0512764,0.998679
-0.4,0.9,0.0191398,0.999989,0,0.00459124,-0.000286717,0.998048,0.0624479,-0.00458228,-0.0624486,0.998038
-0.4,1,0.0259997,0.999981,0,0.00623673,-0.000465149,0.997215,0.0745807,-0.00621936,-0.0745821,0.997195
-0.3,-1,-0.00168167,1,0,0.000542961,-1.03298e-05,0.999819,0.0190249,-0.000542862,-0.0190249,0.999819
-0.3,-0.9,-0.000118113,1,0,3.81349e-05,-4.73127e-07,0.999923,0.0124066,-3.8132e-05,-0.0124066,0.999923
-0.3,-0.8,0.000832796,1,0,-0.000268884,1.82173e-06,0.999977,0.00677516,0.000268878,-0.00677516,0.999977
-0.3,-0.7,0.0012699,1,0,-0.000410012,8.73938e-07,0.999998,0.0021315,0.000410011,-0.0021315,0.999998
-0.3,-0.6,0.00129205,1,0,-0.000417162,-6.35687e-07,0.999999,-0.00152384,0.000417161,0.00152384,0.999999
-0.3,-0.5,0.000998081,1,0,-0.000322249,-1.35044e-06,0.999991,-0.00419068,0.000322247,0.00419068,0.999991
-0.3,-0.4,0.000486852,1,0,-0.00015719,-9.22547e-07,0.999983,-0.00586901,0.000157187,0.00586901,0.999983
-0.3,-0.3,-0.000142793,1,0,4.61035e-05,3.02388e-07,0.999978,-0.0065589,-4.61025e-05,0.0065589,0.999978
-0.3,-0.2,-0.000792008,1,0,0.000255715,1.60087e-06,0.99998,-0.00626038,-0.00025571,0.00626038,0.99998
-0.3,-0.1,-0.00136194,1,0,0.00043973,2.18696e-06,0.999988,-0.00497343,-0.000439724,0.00497343,0.999988
-0.3,0,-0.00175376,1,0,0.000566234,1.5277e-06,0.999996,-0.002698,-0.000566232,0.002698,0.999996
-0.3,0.1,-0.0018686,1,0,0.000603312,-3.41444e-07,1,0.000565949,-0.000603312,-0.000565949,1
-0.3,0.2,-0.00160762,1,0,0.00051905,-2.50095e-06,0.999988,0.00481832,-0.000519044,-0.00481832,0.999988
-0.3,0.3,-0.000871973,1,0,0.000281533,-2.83187e-06,0.999949,0.0100588,-0.000281519,-0.0100588,0.999949
-0.3,0.4,0.000437186,1,0,-0.000141154,2.2989e-06,0.999867,0.0162865,0.000141135,-0.0162865,0.999867
-0.3,0.5,0.0024187,1,0,-0.000780925,1.83517e-05,0.999724,0.0235,0.000780709,-0.0235,0.999724
-0.3,0.6,0.00517143,0.999999,0,-0.00166969,5.2924e-05,0.999498,0.0316968,0.00166885,-0.0316968,0.999496
-0.3,0.7,0.00879421,0.999996,0,-0.00283937,0.000116054,0.999164,0.0408731,0.002837,-0.0408732,0.99916
-0.3,0.8,0.0133859,0.999991,0,-0.00432185,0.000220517,0.998697,0.0510233,0.00431622,-0.0510238,0.998688
-0.3,0.9,0.0190453,0.999981,0,-0.00614903,0.000382107,0.998067,0.0621399,0.00613715,-0.062141,0.998049
-0.3,1,0.0258714,0.999965,0,-0.00835277,0.0006199,0.997242,0.0742123,0.00832974,-0.0742149,0.997207
-0.2,-1,-0.00158727,0.999999,0,0.00131577,-2.36277e-05,0.999839,0.0179573,-0.00131556,-0.0179573,0.999838
-0.2,-0.9,-0.000111482,1,0,9.24133e-05,-1.08219e-06,0.999931,0.0117103,-9.2407e-05,-0.0117103,0.999931
-0.2,-0.8,0.000786048,1,0,-0.000651593,4.16685e-06,0.99998,0.00639486,0.00065158,-0.00639486,0.999979
-0.2,-0.7,0.00119861,1,0,-0.00099359,1.99895e-06,0.999998,0.00201185,0.000993588,-0.00201185,0.999997
-0.2,-0.6,0.00121952,0.999999,0,-0.00101092,-1.454e-06,0.999999,-0.0014383,0.00101092,0.0014383,0.999998
-0.2,-0.5,0.000942054,1,0,-0.000780915,-3.08886e-06,0.999992,-0.00395544,0.000780909,0.00395544,0.999992
-0.2,-0.4,0.000459523,1,0,-0.000380921,-2.11014e-06,0.999985,-0.00553957,0.000380915,0.00553957,0.999985
-0.2,-0.3,-0.000134778,1,0,0.000111724,6.91652e-07,0.999981,-0.00619074,-0.000111722,0.00619074,0.999981
-0.2,-0.2,-0.000747549,1,0,0.00061968,3.66167e-06,0.999983,-0.00590897,-0.000619669,0.00590897,0.999982
-0.2,-0.1,-0.00128549,0.999999,0,0.00106561,5.00223e-06,0.999989,-0.00469425,-0.0010656,0.00469425,0.999988
-0.2,0,-0.00165531,0.999999,0,0.00137217,3.49428e-06,0.999997,-0.00254654,-0.00137216,0.00254654,0.999996
-0.2,0.1,-0.0017637,0.999999,0,0.00146202,-7.80981e-07,1,0.000534179,-0.00146202,-0.000534179,0.999999
-0.2,0.2,-0.00151738,0.999999,0,0.00125783,-5.7204e-06,0.99999,0.00454785,-0.00125781,-0.00454785,0.999989
-0.2,0.3,-0.000823025,1,0,0.000682246,-6.47736e-06,0.999955,0.00949417,-0.000682215,-0.00949417,0.999955
-0.2,0.4,0.000412645,1,0,-0.000342062,5.25833e-06,0.999882,0.0153725,0.000342021,-0.0153725,0.999882
-0.2,0.5,0.00228293,0.999998,0,-0.00189243,4.19769e-05,0.999754,0.0221814,0.00189197,-0.0221815,0.999752
-0.2,0.6,0.00488114,0.999992,0,-0.00404618,0.000121058,0.999552,0.0299187,0.00404437,-0.029919,0.999544
-0.2,0.7,0.00830056,0.999976,0,-0.00688058,0.000265464,0.999255,0.0385807,0.00687545,-0.0385816,0.999232
-0.2,0.8,0.0126345,0.999945,0,-0.0104728,0.000504414,0.998839,0.0481616,0.0104606,-0.0481643,0.998785
-0.2,0.9,0.0179762,0.999889,0,-0.0148997,0.000874015,0.998278,0.0586533,0.0148741,-0.0586598,0.998167
-0.2,1,0.0244191,0.999795,0,-0.020238,0.00141784,0.997543,0.0700438,0.0201883,-0.0700581,0.997339
-0.1,-1,-0.00142437,0.999998,0,0.00191302,-3.0828e-05,0.99987,0.0161148,-0.00191277,-0.0161148,0.999868
-0.1,-0.9,-0.000100041,1,0,0.000134361,-1.41195e-06,0.999945,0.0105086,-0.000134354,-0.0105086,0.999945
-0.1,-0.8,0.000705375,1,0,-0.000947364,5.43652e-06,0.999984,0.00573857,0.000947348,-0.00573857,0.999983
-0.1,-0.7,0.0010756,0.999999,0,-0.0014446,2.60804e-06,0.999998,0.00180537,0.0014446,-0.00180537,0.999997
-0.1,-0.6,0.00109436,0.999999,0,-0.00146979,-1.89704e-06,0.999999,-0.00129068,0.00146979,0.00129069,0.999998
-0.1,-0.5,0.000845371,0.999999,0,-0.00113539,-4.03005e-06,0.999994,-0.00354949,0.00113538,0.00354949,0.999993
-0.1,-0.4,0.000412362,1,0,-0.000553829,-2.75311e-06,0.999988,-0.00497106,0.000553822,0.00497106,0.999987
-0.1,-0.3,-0.000120945,1,0,0.000162437,9.02404e-07,0.999985,-0.0055554,-0.000162435,0.0055554,0.999985
-0.1,-0.2,-0.000670828,1,0,0.000900964,4.77741e-06,0.999986,-0.00530254,-0.000900952,0.00530255,0.999986
-0.1,-0.1,-0.00115356,0.999999,0,0.00154931,6.52643e-06,0.999991,-0.00421248,-0.00154929,0.00421249,0.99999
-0.1,0,-0.00148543,0.999998,0,0.00199502,4.559e-06,0.999997,-0.00228519,-0.00199501,0.00228519,0.999995
-0.1,0.1,-0.00158269,0.999998,0,0.00212566,-1.01895e-06,1,0.000479355,-0.00212566,-0.000479356,0.999998
-0.1,0.2,-0.00136165,0.999998,0,0.00182878,-7.46343e-06,0.999992,0.0040811,-0.00182876,-0.00408111,0.99999
-0.1,0.3,-0.000738558,1,0,0.00099193,-8.4511e-06,0.999964,0.00851985,-0.000991894,-0.00851985,0.999963
-0.1,0.4,0.000370295,1,0,-0.00049733,6.86072e-06,0.999905,0.0137951,0.000497283,-0.0137951,0.999905
-0.1,0.5,0.00204863,0.999996,0,-0.00275144,5.47698e-05,0.999802,0.0199058,0.00275089,-0.0199059,0.999798
-0.1,0.6,0.00438018,0.999983,0,-0.00588277,0.000157955,0.999639,0.02685,0.00588065,-0.0268505,0.999622
-0.1,0.7,0.00744867,0.99995,0,-0.0100035,0.000346383,0.9994,0.0346243,0.00999754,-0.0346261,0.99935
-0.1,0.8,0.0113378,0.999884,0,-0.0152256,0.000658178,0.999065,0.0432233,0.0152114,-0.0432283,0.998949
-0.1,0.9,0.0161313,0.999765,0,-0.0216603,0.00114043,0.998613,0.0526383,0.0216303,-0.0526507,0.998379
-0.1,1,0.0219129,0.999567,0,-0.0294178,0.0018499,0.998021,0.0628566,0.0293595,-0.0628838,0.997589
0,-1,-0.00121052,0.999997,0,0.00233471,-3.1976e-05,0.999906,0.0136959,-0.00233449,-0.0136959,0.999903
0,-0.9,-8.50212e-05,1,0,0.000163979,-1.4645e-06,0.99996,0.00893103,-0.000163973,-0.00893103,0.99996
0,-0.8,0.000599473,0.999999,0,-0.0011562,5.6388e-06,0.999988,0.00487702,0.00115618,-0.00487702,0.999987
0,-0.7,0.000914114,0.999998,0,-0.00176304,2.70506e-06,0.999999,0.00153432,0.00176304,-0.00153432,0.999997
0,-0.6,0.000930055,0.999998,0,-0.00179378,-1.96761e-06,0.999999,-0.0010969,0.00179378,0.00109691,0.999998
0,-0.5,0.00071845,0.999999,0,-0.00138567,-4.17998e-06,0.999995,-0.00301659,0.00138566,0.00301659,0.999994
0,-0.4,0.000350451,1,0,-0.000675912,-2.85555e-06,0.999991,-0.00422473,0.000675906,0.00422473,0.999991
0,-0.3,-0.000102787,1,0,0.000198244,9.35981e-07,0.999989,-0.00472135,-0.000198242,0.00472135,0.999989
0,-0.2,-0.000570112,0.999999,0,0.00109957,4.95516e-06,0.99999,-0.00450645,-0.00109956,0.00450646,0.999989
0,-0.1,-0.00098037,0.999998,0,0.00189083,6.76924e-06,0.999994,-0.00358004,-0.00189081,0.00358004,0.999992
0,0,-0.00126241,0.999997,0,0.00243479,4.7286e-06,0.999998,-0.00194209,-0.00243478,0.0019421,0.999995
0,0.1,-0.00134507,0.999997,0,0.00259422,-1.05685e-06,1,0.000407385,-0.00259422,-0.000407387,0.999997
0,0.2,-0.00115721,0.999998,0,0.0022319,-7.7411e-06,0.999994,0.00346838,-0.00223189,-0.00346839,0.999991
0,0.3,-0.000627673,0.999999,0,0.00121059,-8.76559e-06,0.999974,0.00724078,-0.00121055,-0.00724079,0.999973
0,0.4,0.0003147,1,0,-0.000606959,7.11615e-06,0.999931,0.0117243,0.000606917,-0.0117243,0.999931
0,0.5,0.00174106,0.999994,0,-0.00335794,5.68103e-05,0.999857,0.0169181,0.00335746,-0.0169182,0.999851
0,0.6,0.00372256,0.999974,0,-0.00717947,0.000163845,0.99974,0.0228207,0.0071776,-0.0228213,0.999714
0,0.7,0.00633035,0.999925,0,-0.0122084,0.000359312,0.999567,0.0294294,0.0122031,-0.0294316,0.999492
0,0.8,0.00963559,0.999827,0,-0.0185808,0.000682764,0.999325,0.0367393,0.0185683,-0.0367456,0.999152
0,0.9,0.0137094,0.999651,0,-0.026432,0.00118304,0.998998,0.0447423,0.0264055,-0.044758,0.998649
0,1,0.018623,0.999356,0,-0.0358949,0.00191897,0.99857,0.0534263,0.0358435,-0.0534607,0.997926
0.1,-1,-0.000963279,0.999997,0,0.00258085,-2.81286e-05,0.999941,0.0108989,-0.0025807,-0.010899,0.999937
0.1,-0.9,-6.76561e-05,1,0,0.000181267,-1.28827e-06,0.999975,0.00710702,-0.000181263,-0.00710702,0.999975
0.1,-0.8,0.000477034,0.999999,0,-0.00127809,4.96018e-06,0.999992,0.00388093,0.00127808,-0.00388094,0.999992
0.1,-0.7,0.000727411,0.999998,0,-0.00194891,2.37951e-06,0.999999,0.00122094,0.00194891,-0.00122094,0.999997
0.1,-0.6,0.000740097,0.999998,0,-0.0019829,-1.73081e-06,1,-0.000872868,0.0019829,0.000872869,0.999998
0.1,-0.5,0.000571711,0.999999,0,-0.00153175,-3.67693e-06,0.999997,-0.00240047,0.00153175,0.00240047,0.999996
0.1,-0.4,0.000278874,1,0,-0.000747171,-2.51189e-06,0.999994,-0.00336187,0.000747166,0.00336187,0.999994
0.1,-0.3,-8.17933e-05,1,0,0.000219144,8.23338e-07,0.999993,-0.00375706,-0.000219143,0.00375706,0.999993
0.1,-0.2,-0.00045367,0.999999,0,0.00121549,4.35882e-06,0.999994,-0.00358605,-0.00121548,0.00358605,0.999993
0.1,-0.1,-0.000780135,0.999998,0,0.00209017,5.95457e-06,0.999996,-0.00284884,-0.00209016,0.00284885,0.999994
0.1,0,-0.00100457,0.999996,0,0.00269148,4.15951e-06,0.999999,-0.00154543,-0.00269147,0.00154544,0.999995
0.1,0.1,-0.00107035,0.999996,0,0.00286772,-9.29658e-07,1,0.000324179,-0.00286772,-0.00032418,0.999996
0.1,0.2,-0.000920859,0.999997,0,0.0024672,-6.80946e-06,0.999996,0.00275999,-0.00246719,-0.00275999,0.999993
0.1,0.3,-0.000499475,0.999999,0,0.00133821,-7.71072e-06,0.999983,0.00576195,-0.00133819,-0.00576195,0.999983
0.1,0.4,0.000250424,1,0,-0.000670948,6.25987e-06,0.999956,0.00932989,0.000670919,-0.00932989,0.999956
0.1,0.5,0.00138546,0.999993,0,-0.00371196,4.99757e-05,0.999909,0.0134633,0.00371162,-0.0134634,0.999902
0.1,0.6,0.00296225,0.999969,0,-0.00793634,0.000144138,0.999835,0.0181613,0.00793503,-0.0181618,0.999804
0.1,0.7,0.00503741,0.999909,0,-0.0134952,0.000316108,0.999726,0.0234216,0.0134915,-0.0234237,0.999635
0.1,0.8,0.00766757,0.999789,0,-0.020539,0.000600696,0.999572,0.0292405,0.0205302,-0.0292466,0.999361
0.1,0.9,0.0109094,0.999573,0,-0.0292164,0.00104088,0.999365,0.0356115,0.0291978,-0.0356268,0.998939
0.1,1,0.0148194,0.999213,0,-0.0396735,0.00168842,0.999094,0.0425244,0.0396375,-0.0425579,0.998307
0.2,-1,-0.000700201,0.999996,0,0.00265144,-2.10063e-05,0.999969,0.00792256,-0.00265135,-0.00792259,0.999965
0.2,-0.9,-4.91787e-05,1,0,0.000186225,-9.62057e-07,0.999987,0.0051661,-0.000186222,-0.0051661,0.999987
0.2,-0.8,0.000346753,0.999999,0,-0.00131304,3.70415e-06,0.999996,0.00282103,0.00131304,-0.00282104,0.999995
0.2,-0.7,0.00052875,0.999998,0,-0.00200221,1.77695e-06,1,0.000887493,0.00200221,-0.000887495,0.999998
0.2,-0.6,0.000537971,0.999998,0,-0.00203713,-1.29252e-06,1,-0.000634481,0.00203713,0.000634483,0.999998
0.2,-0.5,0.000415572,0.999999,0,-0.00157364,-2.74583e-06,0.999998,-0.00174489,0.00157364,0.00174489,0.999997
0.2,-0.4,0.000202711,1,0,-0.000767606,-1.87582e-06,0.999997,-0.00244372,0.000767603,0.00244372,0.999997
0.2,-0.3,-5.9455e-05,1,0,0.000225138,6.14849e-07,0.999996,-0.00273099,-0.000225137,0.00273099,0.999996
0.2,-0.2,-0.000329769,0.999999,0,0.00124874,3.25506e-06,0.999997,-0.00260668,-0.00124873,0.00260668,0.999996
0.2,-0.1,-0.000567075,0.999998,0,0.00214733,4.44672e-06,0.999998,-0.00207081,-0.00214733,0.00207081,0.999996
0.2,0,-0.000730214,0.999996,0,0.00276509,3.10621e-06,0.999999,-0.00112336,-0.00276509,0.00112337,0.999996
0.2,0.1,-0.00077803,0.999996,0,0.00294615,-6.94243e-07,1,0.000235643,-0.00294615,-0.000235644,0.999996
0.2,0.2,-0.000669366,0.999997,0,0.00253468,-5.08513e-06,0.999998,0.00200622,-0.00253467,-0.00200622,0.999995
0.2,0.3,-0.000363065,0.999999,0,0.00137481,-5.7582e-06,0.999991,0.00418835,-0.0013748,-0.00418835,0.99999
0.2,0.4,0.000182032,1,0,-0.000689299,4.6748e-06,0.999977,0.00678197,0.000689283,-0.00678197,0.999977
0.2,0.5,0.00100708,0.999993,0,-0.00381348,3.73221e-05,0.999952,0.00978682,0.00381329,-0.00978689,0.999945
0.2,0.6,0.00215324,0.999967,0,-0.00815338,0.000107647,0.999913,0.0132023,0.00815267,-0.0132027,0.99988
0.2,0.7,0.00366166,0.999904,0,-0.0138643,0.000236089,0.999855,0.017027,0.0138622,-0.0170286,0.999759
0.2,0.8,0.00557351,0.999777,0,-0.0211005,0.000448664,0.999774,0.0212585,0.0210957,-0.0212632,0.999551
0.2,0.9,0.00792993,0.999549,0,-0.0300147,0.0007775,0.999664,0.0258923,0.0300046,-0.025904,0.999214
0.2,1,0.0107721,0.999169,0,-0.0407567,0.0012613,0.999521,0.0309212,0.0407372,-0.0309469,0.998691
0.3,-1,-0.000438842,0.999997,0,0.00254647,-1.26444e-05,0.999988,0.00496546,-0.00254644,-0.00496548,0.999984
0.3,-0.9,-3.08221e-05,1,0,0.000178852,-5.7909e-07,0.999995,0.00323781,-0.000178851,-0.00323781,0.999995
0.3,-0.8,0.000217323,0.999999,0,-0.00126106,2.22962e-06,0.999998,0.00176805,0.00126106,-0.00176805,0.999998
0.3,-0.7,0.000331387,0.999998,0,-0.00192294,1.06959e-06,1,0.000556225,0.00192294,-0.000556226,0.999998
0.3,-0.6,0.000337166,0.999998,0,-0.00195648,-7.78001e-07,1,-0.000397653,0.00195648,0.000397654,0.999998
0.3,-0.5,0.000260455,0.999999,0,-0.00151134,-1.65279e-06,0.999999,-0.00109359,0.00151134,0.00109359,0.999998
0.3,-0.4,0.000127047,1,0,-0.000737216,-1.1291e-06,0.999999,-0.00153157,0.000737215,0.00153157,0.999999
0.3,-0.3,-3.72626e-05,1,0,0.000216225,3.70094e-07,0.999999,-0.00171162,-0.000216224,0.00171162,0.999999
0.3,-0.2,-0.000206679,0.999999,0,0.0011993,1.9593e-06,0.999999,-0.00163371,-0.0011993,0.00163371,0.999998
0.3,-0.1,-0.000355407,0.999998,0,0.00206232,2.6766e-06,0.999999,-0.00129785,-0.00206232,0.00129786,0.999997
0.3,0,-0.000457652,0.999996,0,0.00265562,1.86971e-06,1,-0.000704054,-0.00265562,0.000704057,0.999996
0.3,0.1,-0.00048762,0.999996,0,0.00282951,-4.17882e-07,1,0.000147686,-0.00282951,-0.000147687,0.999996
0.3,0.2,-0.000419517,0.999997,0,0.00243433,-3.06087e-06,0.999999,0.00125737,-0.00243433,-0.00125738,0.999996
0.3,0.3,-0.000227546,0.999999,0,0.00132038,-3.46602e-06,0.999997,0.00262501,-0.00132038,-0.00262501,0.999996
0.3,0.4,0.000114086,1,0,-0.000662009,2.81392e-06,0.999991,0.00425057,0.000662003,-0.00425057,0.999991
0.3,0.5,0.000631174,0.999993,0,-0.0036625,2.24657e-05,0.999981,0.00613395,0.00366243,-0.00613399,0.999974
0.3,0.6,0.00134951,0.999969,0,-0.00783061,6.4799e-05,0.999966,0.00827483,0.00783034,-0.00827509,0.999935
0.3,0.7,0.0022949,0.999911,0,-0.0133155,0.000142123,0.999943,0.0106726,0.0133147,-0.0106735,0.999854
0.3,0.8,0.00349312,0.999795,0,-0.0202655,0.000270108,0.999911,0.0133258,0.0202637,-0.0133285,0.999706
0.3,0.9,0.00496998,0.999584,0,-0.0288274,0.000468125,0.999868,0.0162321,0.0288236,-0.0162389,0.999453
0.3,1,0.00675127,0.999234,0,-0.0391457,0.000759524,0.999812,0.0193876,0.0391383,-0.0194025,0.999045
0.4,-1,-0.000196757,0.999997,0,0.00226595,-5.04473e-06,0.999998,0.00222632,-0.00226594,-0.00222633,0.999995
0.4,-0.9,-1.38193e-05,1,0,0.000159149,-2.31037e-07,0.999999,0.0014517,-0.000159149,-0.0014517,0.999999
0.4,-0.8,9.74379e-05,0.999999,0,-0.00112214,8.89541e-07,1,0.000792717,0.00112214,-0.000792718,0.999999
0.4,-0.7,0.000148579,0.999999,0,-0.00171111,4.26729e-07,1,0.000249387,0.00171111,-0.000249387,0.999999
0.4,-0.6,0.000151171,0.999998,0,-0.00174095,-3.10395e-07,1,-0.00017829,0.00174095,0.000178291,0.999998
0.4,-0.5,0.000116776,0.999999,0,-0.00134485,-6.59403e-07,1,-0.000490317,0.00134485,0.000490317,0.999999
0.4,-0.4,5.69622e-05,1,0,-0.000656003,-4.50472e-07,1,-0.000686692,0.000656003,0.000686692,1
0.4,-0.3,-1.67069e-05,1,0,0.000192405,1.47654e-07,1,-0.000767414,-0.000192405,0.000767414,1
0.4,-0.2,-9.26657e-05,0.999999,0,0.00106718,7.81693e-07,1,-0.000732484,-0.00106718,0.000732484,0.999999
0.4,-0.1,-0.000159349,0.999998,0,0.00183513,1.06787e-06,1,-0.000581901,-0.00183513,0.000581902,0.999998
0.4,0,-0.000205191,0.999997,0,0.00236307,7.45947e-07,1,-0.000315668,-0.00236307,0.000315668,0.999997
0.4,0.1,-0.000218628,0.999997,0,0.00251781,-1.6672e-07,1,6.62162e-05,-0.00251781,-6.62164e-05,0.999997
0.4,0.2,-0.000188093,0.999998,0,0.00216616,-1.22118e-06,1,0.000563752,-0.00216616,-0.000563753,0.999997
0.4,0.3,-0.000102022,0.999999,0,0.00117493,-1.38282e-06,0.999999,0.00117694,-0.00117493,-0.00117694,0.999999
0.4,0.4,5.11512e-05,1,0,-0.000589081,1.12266e-06,0.999998,0.00190578,0.00058908,-0.00190578,0.999998
0.4,0.5,0.000282991,0.999995,0,-0.00325904,8.96319e-06,0.999996,0.00275024,0.00325903,-0.00275026,0.999991
0.4,0.6,0.000605062,0.999976,0,-0.00696802,2.58535e-05,0.999993,0.00371022,0.00696797,-0.00371031,0.999969
0.4,0.7,0.00102893,0.99993,0,-0.0118488,5.67065e-05,0.999989,0.0047855,0.0118487,-0.00478583,0.999918
0.4,0.8,0.00156616,0.999837,0,-0.0180337,0.00010778,0.999982,0.00597563,0.0180334,-0.0059766,0.99982
0.4,0.9,0.00222832,0.999671,0,-0.025654,0.000186817,0.999973,0.00727979,0.0256533,-0.00728219,0.999644
0.4,1,0.00302697,0.999393,0,-0.0348389,0.000303165,0.999962,0.00869664,0.0348376,-0.00870192,0.999355
0.5,-1,8.49658e-06,0.999998,0,0.00180987,1.74e-07,1,-9.61396e-05,-0.00180987,9.61398e-05,0.999998
0.5,-0.9,5.96759e-07,1,0,0.000127117,7.96879e-09,1,-6.26889e-05,-0.000127117,6.26889e-05,1
0.5,-0.8,-4.20767e-06,1,0,-0.000896281,-3.06815e-08,1,-3.4232e-05,0.000896281,3.4232e-05,1
0.5,-0.7,-6.41611e-06,0.999999,0,-0.0013667,-1.47185e-08,1,-1.07693e-05,0.0013667,1.07693e-05,0.999999
0.5,-0.6,-6.528e-06,0.999999,0,-0.00139054,1.07059e-08,1,7.69913e-06,0.00139054,-7.69913e-06,0.999999
0.5,-0.5,-5.04276e-06,0.999999,0,-0.00107416,2.27437e-08,1,2.11734e-05,0.00107416,-2.11734e-05,0.999999
0.5,-0.4,-2.4598e-06,1,0,-0.000523965,1.55374e-08,1,2.96534e-05,0.000523965,-2.96534e-05,1
0.5,-0.3,7.21456e-07,1,0,0.000153678,-5.09279e-09,1,3.31393e-05,-0.000153678,-3.31393e-05,1
0.5,-0.2,4.00158e-06,1,0,0.000852383,-2.69617e-08,1,3.16309e-05,-0.000852383,-3.16309e-05,1
0.5,-0.1,6.88117e-06,0.999999,0,0.00146577,-3.68322e-08,1,2.51283e-05,-0.00146577,-2.51283e-05,0.999999
0.5,0,8.86078e-06,0.999998,0,0.00188744,-2.57288e-08,1,1.36315e-05,-0.00188744,-1.36315e-05,0.999998
0.5,0.1,9.441e-06,0.999998,0,0.00201104,5.75042e-09,1,-2.85942e-06,-0.00201104,2.85943e-06,0.999998
0.5,0.2,8.12242e-06,0.999999,0,0.00173017,4.21202e-08,1,-2.43446e-05,-0.00173017,2.43446e-05,0.999999
0.5,0.3,4.4056e-06,1,0,0.000938444,4.76955e-08,1,-5.0824e-05,-0.000938444,5.0824e-05,1
0.5,0.4,-2.20886e-06,1,0,-0.000470513,-3.87221e-08,1,-8.22976e-05,0.000470513,8.22976e-05,1
0.5,0.5,-1.22204e-05,0.999997,0,-0.00260308,-3.09155e-07,1,-0.000118765,0.00260308,0.000118765,0.999997
0.5,0.6,-2.61284e-05,0.999985,0,-0.00556557,-8.91744e-07,1,-0.000160223,0.00556557,0.000160225,0.999984
0.5,0.7,-4.44324e-05,0.999955,0,-0.00946418,-1.95601e-06,1,-0.000206665,0.00946418,0.000206674,0.999955
0.5,0.8,-6.76317e-05,0.999896,0,-0.0144048,-3.71799e-06,1,-0.000258081,0.0144048,0.000258107,0.999896
0.5,0.9,-9.62257e-05,0.99979,0,-0.0204929,-6.44527e-06,1,-0.000314447,0.0204929,0.000314513,0.99979
0.5,1,-0.000130714,0.999613,0,-0.0278328,-1.04616e-05,1,-0.000375726,0.0278328,0.000375872,0.999613
0.6,-1,0.000159365,0.999999,0,0.00117823,2.12462e-06,0.999998,-0.00180323,-0.00117823,0.00180323,0.999998
0.6,-0.9,1.1193e-05,1,0,8.27534e-05,9.73024e-08,0.999999,-0.00117581,-8.27533e-05,0.00117581,0.999999
0.6,-0.8,-7.89203e-05,1,0,-0.000583482,-3.74634e-07,1,-0.000642066,0.000583482,0.000642066,1
0.6,-0.7,-0.000120343,1,0,-0.000889731,-1.79719e-07,1,-0.000201993,0.000889731,0.000201993,1
0.6,-0.6,-0.000122441,1,0,-0.000905247,1.30724e-07,1,0.000144407,0.000905247,-0.000144407,1
0.6,-0.5,-9.45836e-05,1,0,-0.000699286,2.77711e-07,1,0.000397135,0.000699286,-0.000397135,1
0.6,-0.4,-4.61368e-05,1,0,-0.000341103,1.89718e-07,1,0.000556189,0.000341103,-0.000556189,1
0.6,-0.3,1.35319e-05,1,0,0.000100045,-6.21852e-08,1,0.000621571,-0.000100045,-0.000621571,1
0.6,-0.2,7.5055e-05,1,0,0.000554905,-3.29214e-07,1,0.000593279,-0.000554905,-0.000593279,1
0.6,-0.1,0.000129065,1,0,0.00095422,-4.49738e-07,1,0.000471315,-0.00095422,-0.000471315,0.999999
0.6,0,0.000166196,0.999999,0,0.00122873,-3.1416e-07,1,0.000255677,-0.00122873,-0.000255678,0.999999
0.6,0.1,0.000177079,0.999999,0,0.0013092,7.02153e-08,1,-5.36324e-05,-0.0013092,5.36324e-05,0.999999
0.6,0.2,0.000152347,0.999999,0,0.00112635,5.14307e-07,1,-0.000456615,-0.00112635,0.000456615,0.999999
0.6,0.3,8.26329e-05,1,0,0.000610931,5.82383e-07,1,-0.000953271,-0.00061093,0.000953271,0.999999
0.6,0.4,-4.14301e-05,1,0,-0.000306306,-4.72814e-07,0.999999,-0.0015436,0.000306306,0.0015436,0.999999
0.6,0.5,-0.00022921,0.999999,0,-0.00169462,-3.77492e-06,0.999998,-0.00222759,0.00169461,0.00222759,0.999996
0.6,0.6,-0.000490073,0.999993,0,-0.00362324,-1.08887e-05,0.999995,-0.00300523,0.00362322,0.00300525,0.999989
0.6,0.7,-0.000833388,0.999981,0,-0.00616138,-2.38847e-05,0.999992,-0.00387645,0.00616133,0.00387652,0.999974
0.6,0.8,-0.00126852,0.999956,0,-0.00937816,-4.54032e-05,0.999988,-0.00484117,0.00937805,0.00484138,0.999944
0.6,0.9,-0.00180484,0.999911,0,-0.0133426,-7.87173e-05,0.999983,-0.00589919,0.0133423,0.00589971,0.999894
0.6,1,-0.00245171,0.999836,0,-0.0181233,-0.000127794,0.999975,-0.00705022,0.0181228,0.00705138,0.999811
0.7,-1,0.000238291,1,0,0.000371039,1.00043e-06,0.999996,-0.00269629,-0.000371038,0.00269629,0.999996
0.7,-0.9,1.67364e-05,1,0,2.606e-05,4.58171e-08,0.999998,-0.00175814,-2.606e-05,0.00175814,0.999998
0.7,-0.8,-0.000118006,1,0,-0.000183745,-1.76406e-07,1,-0.000960054,0.000183745,0.000960054,1
0.7,-0.7,-0.000179943,1,0,-0.000280187,-8.46252e-08,1,-0.000302031,0.000280187,0.000302031,1
0.7,-0.6,-0.000183081,1,0,-0.000285073,6.15548e-08,1,0.000215926,0.000285073,-0.000215926,1
0.7,-0.5,-0.000141427,1,0,-0.000220213,1.30767e-07,1,0.000593819,0.000220213,-0.000593819,1
0.7,-0.4,-6.89864e-05,1,0,-0.000107417,8.93334e-08,1,0.000831646,0.000107417,-0.000831646,1
0.7,-0.3,2.02336e-05,1,0,3.15054e-05,-2.92814e-08,1,0.000929408,-3.15054e-05,-0.000929408,1
0.7,-0.2,0.000112227,1,0,0.000174746,-1.55018e-07,1,0.000887105,-0.000174746,-0.000887106,1
0.7,-0.1,0.000192986,1,0,0.000300495,-2.1177e-07,1,0.000704737,-0.000300495,-0.000704737,1
0.7,0,0.000248505,1,0,0.000386943,-1.4793e-07,1,0.000382304,-0.000386943,-0.000382304,1
0.7,0.1,0.000264778,1,0,0.000412281,3.30626e-08,1,-8.01943e-05,-0.000412281,8.01943e-05,1
0.7,0.2,0.000227798,1,0,0.0003547,2.42174e-07,1,-0.000682758,-0.0003547,0.000682758,1
0.7,0.3,0.000123557,1,0,0.000192389,2.74229e-07,0.999999,-0.00142539,-0.000192389,0.00142539,0.999999
0.7,0.4,-6.19487e-05,1,0,-9.64593e-05,-2.22635e-07,0.999997,-0.00230808,9.64591e-05,0.00230808,0.999997
0.7,0.5,-0.000342728,1,0,-0.000533655,-1.77751e-06,0.999994,-0.00333082,0.000533652,0.00333082,0.999994
0.7,0.6,-0.000732786,0.999999,0,-0.00114101,-5.12725e-06,0.99999,-0.00449361,0.001141,0.00449362,0.999989
0.7,0.7,-0.00124613,0.999998,0,-0.00194032,-1.1247e-05,0.999983,-0.00579644,0.00194029,0.00579645,0.999981
0.7,0.8,-0.00189677,0.999996,0,-0.00295341,-2.13806e-05,0.999974,-0.00723926,0.00295333,0.00723929,0.999969
0.7,0.9,-0.0026987,0.999991,0,-0.00420206,-3.70711e-05,0.999961,-0.00882203,0.0042019,0.00882211,0.999952
0.7,1,-0.00366594,0.999984,0,-0.00570808,-6.01909e-05,0.999944,-0.0105447,0.00570776,0.0105449,0.999928
0.8,-1,0.000227721,1,0,-0.00061171,-1.57618e-06,0.999997,-0.00257668,0.000611708,0.00257668,0.999996
0.8,-0.9,1.5994e-05,1,0,-4.29636e-05,-7.21852e-08,0.999999,-0.00168015,4.29635e-05,0.00168015,0.999999
0.8,-0.8,-0.000112771,1,0,0.00030293,2.77928e-07,1,-0.000917466,-0.00030293,0.000917466,1
0.8,-0.7,-0.000171961,1,0,0.000461927,1.33327e-07,1,-0.000288633,-0.000461927,0.000288633,1
0.8,-0.6,-0.00017496,1,0,0.000469982,-9.69799e-08,1,0.000206348,-0.000469982,-0.000206348,1
0.8,-0.5,-0.000135153,1,0,0.000363052,-2.06024e-07,1,0.000567477,-0.000363052,-0.000567477,1
0.8,-0.4,-6.59261e-05,1,0,0.000177093,-1.40745e-07,1,0.000794755,-0.000177093,-0.000794755,1
0.8,-0.3,1.93361e-05,1,0,-5.19411e-05,4.6133e-08,1,0.00088818,5.19411e-05,-0.00088818,1
0.8,-0.2,0.000107248,1,0,-0.000288093,2.44232e-07,1,0.000847754,0.000288093,-0.000847754,1
0.8,-0.1,0.000184425,1,0,-0.000495408,3.33645e-07,1,0.000673475,0.000495408,-0.000673475,1
0.8,0,0.000237482,1,0,-0.00063793,2.33065e-07,1,0.000365345,0.00063793,-0.000365345,1
