x,y,z,tau1_x,tau1_y,tau1_z,tau2_x,tau2_y,tau2_z,normal_x,normal_y,normal_z
-0.999825,-0.999825,0.0163555,0.999922,0,-0.0124833,-0.000155822,0.999922,-0.0124814,0.0124824,0.0124824,0.999844
-0.999948,-0.856993,0.0147007,0.999993,0,-0.00371489,-3.97499e-05,0.999943,-0.0107001,0.00371468,0.0107002,0.999936
-1.00005,-0.714161,0.0132996,0.999993,0,0.00370532,3.30402e-05,0.99996,-0.00891689,-0.00370517,0.00891696,0.999953
-1.00014,-0.571329,0.0121527,0.999952,0,0.00977601,6.97359e-05,0.999975,-0.00713303,-0.00977576,0.00713337,0.999927
-1.0002,-0.428497,0.0112603,0.999895,0,0.0144969,7.75555e-05,0.999986,-0.00534922,-0.0144967,0.00534978,0.999881
-1.00025,-0.285664,0.0106227,0.99984,0,0.0178685,6.37253e-05,0.999994,-0.00356579,-0.0178683,0.00356636,0.999834
-1.00028,-0.142832,0.0102401,0.999802,0,0.0198911,3.54681e-05,0.999998,-0.00178277,-0.019891,0.00178312,0.999801
-1.00029,-6.19772e-18,0.0101125,0.999789,0,0.0205652,-9.10412e-18,1,4.42601e-16,-0.0205652,-4.42695e-16,0.999789
-1.00028,0.142832,0.0102401,0.999802,0,0.0198911,-3.54681e-05,0.999998,0.00178277,-0.019891,-0.00178312,0.999801
-1.00025,0.285664,0.0106227,0.99984,0,0.0178685,-6.37253e-05,0.999994,0.00356579,-0.0178683,-0.00356636,0.999834
-1.0002,0.428497,0.0112603,0.999895,0,0.0144969,-7.75555e-05,0.999986,0.00534922,-0.0144967,-0.00534978,0.999881
-1.00014,0.571329,0.0121527,0.999952,0,0.00977601,-6.97359e-05,0.999975,0.00713303,-0.00977576,-0.00713337,0.999927
-1.00005,0.714161,0.0132996,0.999993,0,0.00370532,-3.30402e-05,0.99996,0.00891689,-0.00370517,-0.00891696,0.999953
-0.999948,0.856993,0.0147007,0.999993,0,-0.00371489,3.97499e-05,0.999943,0.0107001,0.00371468,-0.0107002,0.999936
-0.999825,0.999825,0.0163555,0.999922,0,-0.0124833,0.000155822,0.999922,0.0124814,0.0124824,-0.0124824,0.999844
-0.856993,-0.999948,0.0147007,0.999943,0,-0.0107002,-3.97479e-05,0.999993,-0.00371447,0.0107002,0.00371468,0.999936
-0.857098,-0.857098,0.0142086,0.999995,0,-0.0031842,-1.01391e-05,0.999995,-0.00318417,0.00318418,0.00318418,0.99999
-0.857187,-0.714249,0.0137917,0.999995,0,0.003176,8.42747e-06,0.999996,-0.00265348,-0.00317598,0.00265349,0.999991
-0.85726,-0.571399,0.0134501,0.999965,0,0.00837954,1.77875e-05,0.999998,-0.00212266,-0.00837952,0.00212273,0.999963
-0.857317,-0.428549,0.0131842,0.999923,0,0.0124263,1.97824e-05,0.999999,-0.00159186,-0.0124263,0.00159198,0.999922
-0.857357,-0.285699,0.0129941,0.999883,0,0.0153165,1.62551e-05,0.999999,-0.00106116,-0.0153165,0.00106128,0.999882
-0.857382,-0.14285,0.01288,0.999855,0,0.0170504,9.04737e-06,1,-0.000530548,-0.0170504,0.000530625,0.999854
-0.85739,-5.07493e-20,0.0128419,0.999845,0,0.0176283,-6.39018e-20,1,3.62439e-18,-0.0176283,-3.62495e-18,0.999845
-0.857382,0.14285,0.01288,0.999855,0,0.0170504,-9.04737e-06,1,0.000530548,-0.0170504,-0.000530625,0.999854
-0.857357,0.285699,0.0129941,0.999883,0,0.0153165,-1.62551e-05,0.999999,0.00106116,-0.0153165,-0.00106128,0.999882
-0.857317,0.428549,0.0131842,0.999923,0,0.0124263,-1.97824e-05,0.999999,0.00159186,-0.0124263,-0.00159198,0.999922
-0.85726,0.571399,0.0134501,0.999965,0,0.00837954,-1.77875e-05,0.999998,0.00212266,-0.00837952,-0.00212273,0.999963
-0.857187,0.714249,0.0137917,0.999995,0,0.003176,-8.42747e-06,0.999996,0.00265348,-0.00317598,-0.00265349,0.999991
-0.857098,0.857098,0.0142086,0.999995,0,-0.0031842,1.01391e-05,0.999995,0.00318417,0.00318418,-0.00318418,0.99999
-0.856993,0.999948,0.0147007,0.999943,0,-0.0107002,3.97479e-05,0.999993,0.00371447,0.0107002,-0.00371468,0.999936
-0.714161,-1.00005,0.0132996,0.99996,0,-0.00891702,3.30391e-05,0.999993,0.00370503,0.00891696,-0.00370517,0.999953
-0.714249,-0.857187,0.0137917,0.999996,0,-0.0026535,8.42748e-06,0.999995,0.00317597,0.00265349,-0.00317598,0.999991
-0.714323,-0.714323,0.0142076,0.999996,0,0.00264667,-7.00482e-06,0.999996,0.00264665,-0.00264666,-0.00264666,0.999993
-0.714383,-0.571458,0.0145476,0.999976,0,0.00698302,-1.47851e-05,0.999998,0.00211723,-0.00698301,-0.00211729,0.999973
-0.714431,-0.428594,0.0148119,0.999946,0,0.0103555,-1.64437e-05,0.999999,0.00158783,-0.0103555,-0.00158792,0.999945
-0.714464,-0.285729,0.0150005,0.999919,0,0.0127642,-1.3512e-05,0.999999,0.0010585,-0.0127642,-0.00105858,0.999918
-0.714485,-0.142865,0.0151137,0.999899,0,0.0142093,-7.52072e-06,1,0.000529228,-0.0142093,-0.000529282,0.999899
-0.714491,3.68497e-18,0.0151514,0.999892,0,0.014691,3.86685e-18,1,-2.63184e-16,-0.014691,2.63212e-16,0.999892
-0.714485,0.142865,0.0151137,0.999899,0,0.0142093,7.52072e-06,1,-0.000529228,-0.0142093,0.000529282,0.999899
-0.714464,0.285729,0.0150005,0.999919,0,0.0127642,1.3512e-05,0.999999,-0.0010585,-0.0127642,0.00105858,0.999918
-0.714431,0.428594,0.0148119,0.999946,0,0.0103555,1.64437e-05,0.999999,-0.00158783,-0.0103555,0.00158792,0.999945
-0.714383,0.571458,0.0145476,0.999976,0,0.00698302,1.47851e-05,0.999998,-0.00211723,-0.00698301,0.00211729,0.999973
-0.714323,0.714323,0.0142076,0.999996,0,0.00264667,7.00482e-06,0.999996,-0.00264665,-0.00264666,0.00264666,0.999993
-0.714249,0.857187,0.0137917,0.999996,0,-0.0026535,-8.42748e-06,0.999995,-0.00317597,0.00265349,0.00317598,0.999991
-0.714161,1.00005,0.0132996,0.99996,0,-0.00891702,-3.30391e-05,0.999993,-0.00370503,0.00891696,0.00370517,0.999953
-0.571329,-1.00014,0.0121527,0.999975,0,-0.00713372,6.97375e-05,0.999952,0.00977551,0.00713337,-0.00977576,0.999927
-0.571399,-0.85726,0.0134501,0.999998,0,-0.0021228,1.77881e-05,0.999965,0.0083795,0.00212273,-0.00837952,0.999963
-0.571458,-0.714383,0.0145476,0.999998,0,0.00211734,-1.47854e-05,0.999976,0.00698299,-0.00211729,-0.00698301,0.999973
-0.571507,-0.571507,0.0154454,0.999984,0,0.00558647,-3.12081e-05,0.999984,0.00558629,-0.00558638,-0.00558638,0.999969
-0.571545,-0.42863,0.0161435,0.999966,0,0.00828455,-3.47101e-05,0.999991,0.00418959,-0.00828448,-0.00418974,0.999957
-0.571572,-0.285753,0.0166421,0.999948,0,0.0102116,-2.85224e-05,0.999996,0.00279298,-0.0102116,-0.00279312,0.999944
-0.571588,-0.142877,0.0169413,0.999935,0,0.0113678,-1.58757e-05,0.999999,0.00139646,-0.0113678,-0.00139655,0.999934
-0.571593,5.41591e-18,0.017041,0.999931,0,0.0117532,4.54675e-18,1,-3.86824e-16,-0.0117532,3.8685e-16,0.999931
-0.571588,0.142877,0.0169413,0.999935,0,0.0113678,1.58757e-05,0.999999,-0.00139646,-0.0113678,0.00139655,0.999934
-0.571572,0.285753,0.0166421,0.999948,0,0.0102116,2.85224e-05,0.999996,-0.00279298,-0.0102116,0.00279312,0.999944
-0.571545,0.42863,0.0161435,0.999966,0,0.00828455,3.47101e-05,0.999991,-0.00418959,-0.00828448,0.00418974,0.999957
-0.571507,0.571507,0.0154454,0.999984,0,0.00558647,3.12081e-05,0.999984,-0.00558629,-0.00558638,0.00558638,0.999969
-0.571458,0.714383,0.0145476,0.999998,0,0.00211734,1.47854e-05,0.999976,-0.00698299,-0.00211729,0.00698301,0.999973
-0.571399,0.85726,0.0134501,0.999998,0,-0.0021228,-1.77881e-05,0.999965,-0.0083795,0.00212273,0.00837952,0.999963
-0.571329,1.00014,0.0121527,0.999975,0,-0.00713372,-6.97375e-05,0.999952,-0.00977551,0.00713337,0.00977576,0.999927
-0.428497,-1.0002,0.0112603,0.999986,0,-0.00535035,7.75625e-05,0.999895,0.0144965,0.00534978,-0.0144967,0.999881
-0.428549,-0.857317,0.0131842,0.999999,0,-0.00159211,1.97839e-05,0.999923,0.0124263,0.00159198,-0.0124263,0.999922
-0.428594,-0.714431,0.0148119,0.999999,0,0.001588,-1.64445e-05,0.999946,0.0103555,-0.00158792,-0.0103555,0.999945
-0.42863,-0.571545,0.0161435,0.999991,0,0.00418988,-3.4711e-05,0.999966,0.0082844,-0.00418974,-0.00828448,0.999957
-0.428658,-0.428658,0.0171792,0.999981,0,0.00621351,-3.86069e-05,0.999981,0.00621327,-0.00621339,-0.00621339,0.999961
-0.428679,-0.285772,0.0179189,0.999971,0,0.00765891,-3.17252e-05,0.999991,0.00414214,-0.00765884,-0.00414226,0.999962
-0.428691,-0.142886,0.0183627,0.999964,0,0.00852612,-1.76587e-05,0.999998,0.00207105,-0.00852611,-0.00207113,0.999962
-0.428695,5.52754e-18,0.0185107,0.999961,0,0.00881519,3.48045e-18,1,-3.94809e-16,-0.00881519,3.94824e-16,0.999961
-0.428691,0.142886,0.0183627,0.999964,0,0.00852612,1.76587e-05,0.999998,-0.00207105,-0.00852611,0.00207113,0.999962
-0.428679,0.285772,0.0179189,0.999971,0,0.00765891,3.17252e-05,0.999991,-0.00414214,-0.00765884,0.00414226,0.999962
-0.428658,0.428658,0.0171792,0.999981,0,0.00621351,3.86069e-05,0.999981,-0.00621327,-0.00621339,0.00621339,0.999961
-0.42863,0.571545,0.0161435,0.999991,0,0.00418988,3.4711e-05,0.999966,-0.0082844,-0.00418974,0.00828448,0.999957
-0.428594,0.714431,0.0148119,0.999999,0,0.001588,1.64445e-05,0.999946,-0.0103555,-0.00158792,0.0103555,0.999945
-0.428549,0.857317,0.0131842,0.999999,0,-0.00159211,-1.97839e-05,0.999923,-0.0124263,0.00159198,0.0124263,0.999922
-0.428497,1.0002,0.0112603,0.999986,0,-0.00535035,-7.75625e-05,0.999895,-0.0144965,0.00534978,0.0144967,0.999881
-0.285664,-1.00025,0.0106227,0.999994,0,-0.00356693,6.3735e-05,0.99984,0.0178682,0.00356636,-0.0178683,0.999834
-0.285699,-0.857357,0.0129941,0.999999,0,-0.0010614,1.6257e-05,0.999883,0.0153164,0.00106128,-0.0153165,0.999882
-0.285729,-0.714464,0.0150005,0.999999,0,0.00105867,-1.3513e-05,0.999919,0.0127642,-0.00105858,-0.0127642,0.999918
-0.285753,-0.571572,0.0166421,0.999996,0,0.00279327,-2.85237e-05,0.999948,0.0102116,-0.00279312,-0.0102116,0.999944
-0.285772,-0.428679,0.0179189,0.999991,0,0.00414238,-3.17258e-05,0.999971,0.00765878,-0.00414226,-0.00765884,0.999962
-0.285786,-0.285786,0.0188309,0.999987,0,0.00510602,-2.60711e-05,0.999987,0.00510589,-0.00510595,-0.00510595,0.999974
-0.285794,-0.142893,0.0193781,0.999984,0,0.0056842,-1.45117e-05,0.999997,0.00255295,-0.00568418,-0.00255299,0.999981
-0.285797,4.44125e-18,0.0195605,0.999983,0,0.00587692,1.86435e-18,1,-3.17227e-16,-0.00587692,3.17232e-16,0.999983
-0.285794,0.142893,0.0193781,0.999984,0,0.0056842,1.45117e-05,0.999997,-0.00255295,-0.00568418,0.00255299,0.999981
-0.285786,0.285786,0.0188309,0.999987,0,0.00510602,2.60711e-05,0.999987,-0.00510589,-0.00510595,0.00510595,0.999974
-0.285772,0.428679,0.0179189,0.999991,0,0.00414238,3.17258e-05,0.999971,-0.00765878,-0.00414226,0.00765884,0.999962
-0.285753,0.571572,0.0166421,0.999996,0,0.00279327,2.85237e-05,0.999948,-0.0102116,-0.00279312,0.0102116,0.999944
-0.285729,0.714464,0.0150005,0.999999,0,0.00105867,1.3513e-05,0.999919,-0.0127642,-0.00105858,0.0127642,0.999918
-0.285699,0.857357,0.0129941,0.999999,0,-0.0010614,-1.6257e-05,0.999883,-0.0153164,0.00106128,0.0153165,0.999882
-0.285664,1.00025,0.0106227,0.999994,0,-0.00356693,-6.3735e-05,0.99984,-0.0178682,0.00356636,0.0178683,0.999834
-0.142832,-1.00028,0.0102401,0.999998,0,-0.00178347,3.54751e-05,0.999802,0.019891,0.00178312,-0.019891,0.999801
-0.14285,-0.857382,0.01288,1,0,-0.000530702,9.04868e-06,0.999855,0.0170504,0.000530625,-0.0170504,0.999854
-0.142865,-0.714485,0.0151137,1,0,0.000529335,-7.52148e-06,0.999899,0.0142093,-0.000529282,-0.0142093,0.999899
-0.142877,-0.571588,0.0169413,0.999999,0,0.00139664,-1.58767e-05,0.999935,0.0113678,-0.00139655,-0.0113678,0.999934
-0.142886,-0.428691,0.0183627,0.999998,0,0.0020712,-1.76593e-05,0.999964,0.00852609,-0.00207113,-0.00852611,0.999962
-0.142893,-0.285794,0.0193781,0.999997,0,0.00255304,-1.45119e-05,0.999984,0.00568416,-0.00255299,-0.00568418,0.999981
-0.142897,-0.142897,0.0199873,0.999996,0,0.00284213,-8.07769e-06,0.999996,0.00284211,-0.00284212,-0.00284212,0.999992
-0.142898,2.57735e-18,0.0201903,0.999996,0,0.0029385,5.40968e-19,1,-1.84096e-16,-0.0029385,1.84097e-16,0.999996
-0.142897,0.142897,0.0199873,0.999996,0,0.00284213,8.07769e-06,0.999996,-0.00284211,-0.00284212,0.00284212,0.999992
-0.142893,0.285794,0.0193781,0.999997,0,0.00255304,1.45119e-05,0.999984,-0.00568416,-0.00255299,0.00568418,0.999981
-0.142886,0.428691,0.0183627,0.999998,0,0.0020712,1.76593e-05,0.999964,-0.00852609,-0.00207113,0.00852611,0.999962
-0.142877,0.571588,0.0169413,0.999999,0,0.00139664,1.58767e-05,0.999935,-0.0113678,-0.00139655,0.0113678,0.999934
-0.142865,0.714485,0.0151137,1,0,0.000529335,7.52148e-06,0.999899,-0.0142093,-0.000529282,0.0142093,0.999899
-0.14285,0.857382,0.01288,1,0,-0.000530702,-9.04868e-06,0.999855,-0.0170504,0.000530625,0.0170504,0.999854
-0.142832,1.00028,0.0102401,0.999998,0,-0.00178347,-3.54751e-05,0.999802,-0.019891,0.00178312,0.019891,0.999801
-7.90346e-18,-1.00029,0.0101125,1,0,5.64652e-16,-1.16122e-17,0.999789,0.0205652,-5.64533e-16,-0.0205652,0.999789
-1.74553e-18,-0.85739,0.0128419,1,0,1.247e-16,-2.19826e-18,0.999845,0.0176283,-1.24681e-16,-0.0176283,0.999845
1.89736e-18,-0.714491,0.0151514,1,0,-1.35541e-16,1.99122e-18,0.999892,0.014691,1.35526e-16,-0.014691,0.999892
3.46215e-18,-0.571593,0.017041,1,0,-2.47313e-16,2.90673e-18,0.999931,0.0117532,2.47296e-16,-0.0117532,0.999931
3.41378e-18,-0.428695,0.0185107,1,0,-2.43851e-16,2.14959e-18,0.999961,0.00881519,2.43841e-16,-0.00881519,0.999961
2.15877e-18,-0.285797,0.0195605,1,0,-1.54201e-16,9.06225e-19,0.999983,0.00587692,1.54198e-16,-0.00587692,0.999983
1.59377e-19,-0.142898,0.0201903,1,0,-1.13841e-17,3.34522e-20,0.999996,0.0029385,1.13841e-17,-0.0029385,0.999996
-2.14173e-18,3.21032e-19,0.0204003,1,0,1.52981e-16,3.50799e-33,1,-2.29309e-17,-1.52981e-16,2.29309e-17,1
-4.32139e-18,0.142898,0.0201903,1,0,3.08672e-16,9.07034e-19,0.999996,-0.0029385,-3.08671e-16,0.0029385,0.999996
-5.90446e-18,0.285797,0.0195605,1,0,4.21755e-16,2.47862e-18,0.999983,-0.00587692,-4.21747e-16,0.00587692,0.999983
-6.48111e-18,0.428695,0.0185107,1,0,4.62954e-16,4.08103e-18,0.999961,-0.00881519,-4.62936e-16,0.00881519,0.999961
-5.59757e-18,0.571593,0.017041,1,0,3.99854e-16,4.69958e-18,0.999931,-0.0117532,-3.99826e-16,0.0117532,0.999931
-2.79867e-18,0.714491,0.0151514,1,0,1.99927e-16,2.93712e-18,0.999892,-0.014691,-1.99905e-16,0.014691,0.999892
2.33718e-18,0.85739,0.0128419,1,0,-1.66967e-16,-2.94335e-18,0.999845,-0.0176283,1.66941e-16,0.0176283,0.999845
1.02587e-17,1.00029,0.0101125,1,0,-7.32921e-16,-1.50727e-17,0.999789,-0.0205652,7.32766e-16,0.0205652,0.999789
0.142832,-1.00028,0.0102401,0.999998,0,0.00178347,-3.54751e-05,0.999802,0.019891,-0.00178312,-0.019891,0.999801
0.14285,-0.857382,0.01288,1,0,0.000530702,-9.04868e-06,0.999855,0.0170504,-0.000530625,-0.0170504,0.999854
0.142865,-0.714485,0.0151137,1,0,-0.000529335,7.52148e-06,0.999899,0.0142093,0.000529282,-0.0142093,0.999899
0.142877,-0.571588,0.0169413,0.999999,0,-0.00139664,1.58767e-05,0.999935,0.0113678,0.00139655,-0.0113678,0.999934
0.142886,-0.428691,0.0183627,0.999998,0,-0.0020712,1.76593e-05,0.999964,0.00852609,0.00207113,-0.00852611,0.999962
0.142893,-0.285794,0.0193781,0.999997,0,-0.00255304,1.45119e-05,0.999984,0.00568416,0.00255299,-0.00568418,0.999981
0.142897,-0.142897,0.0199873,0.999996,0,-0.00284213,8.07769e-06,0.999996,0.00284211,0.00284212,-0.00284212,0.999992
0.142898,-1.90949e-18,0.0201903,0.999996,0,-0.0029385,4.00788e-19,1,1.36391e-16,0.0029385,-1.36392e-16,0.999996
0.142897,0.142897,0.0199873,0.999996,0,-0.00284213,-8.07769e-06,0.999996,-0.00284211,0.00284212,0.00284212,0.999992
0.142893,0.285794,0.0193781,0.999997,0,-0.00255304,-1.45119e-05,0.999984,-0.00568416,0.00255299,0.00568418,0.999981
0.142886,0.428691,0.0183627,0.999998,0,-0.0020712,-1.76593e-05,0.999964,-0.00852609,0.00207113,0.00852611,0.999962
0.142877,0.571588,0.0169413,0.999999,0,-0.00139664,-1.58767e-05,0.999935,-0.0113678,0.00139655,0.0113678,0.999934
0.142865,0.714485,0.0151137,1,0,-0.000529335,-7.52148e-06,0.999899,-0.0142093,0.000529282,0.0142093,0.999899
0.14285,0.857382,0.01288,1,0,0.000530702,9.04868e-06,0.999855,-0.0170504,-0.000530625,0.0170504,0.999854
0.142832,1.00028,0.0102401,0.999998,0,0.00178347,3.54751e-05,0.999802,-0.019891,-0.00178312,0.019891,0.999801
0.285664,-1.00025,0.0106227,0.999994,0,0.00356693,-6.3735e-05,0.99984,0.0178682,-0.00356636,-0.0178683,0.999834
0.285699,-0.857357,0.0129941,0.999999,0,0.0010614,-1.6257e-05,0.999883,0.0153164,-0.00106128,-0.0153165,0.999882
0.285729,-0.714464,0.0150005,0.999999,0,-0.00105867,1.3513e-05,0.999919,0.0127642,0.00105858,-0.0127642,0.999918
0.285753,-0.571572,0.0166421,0.999996,0,-0.00279327,2.85237e-05,0.999948,0.0102116,0.00279312,-0.0102116,0.999944
0.285772,-0.428679,0.0179189,0.999991,0,-0.00414238,3.17258e-05,0.999971,0.00765878,0.00414226,-0.00765884,0.999962
0.285786,-0.285786,0.0188309,0.999987,0,-0.00510602,2.60711e-05,0.999987,0.00510589,0.00510595,-0.00510595,0.999974
0.285794,-0.142893,0.0193781,0.999984,0,-0.0056842,1.45117e-05,0.999997,0.00255295,0.00568418,-0.00255299,0.999981
0.285797,-3.69902e-18,0.0195605,0.999983,0,-0.00587692,1.55277e-18,1,2.64211e-16,0.00587692,-2.64216e-16,0.999983
0.285794,0.142893,0.0193781,0.999984,0,-0.0056842,-1.45117e-05,0.999997,-0.00255295,0.00568418,0.00255299,0.999981
0.285786,0.285786,0.0188309,0.999987,0,-0.00510602,-2.60711e-05,0.999987,-0.00510589,0.00510595,0.00510595,0.999974
0.285772,0.428679,0.0179189,0.999991,0,-0.00414238,-3.17258e-05,0.999971,-0.00765878,0.00414226,0.00765884,0.999962
0.285753,0.571572,0.0166421,0.999996,0,-0.00279327,-2.85237e-05,0.999948,-0.0102116,0.00279312,0.0102116,0.999944
0.285729,0.714464,0.0150005,0.999999,0,-0.00105867,-1.3513e-05,0.999919,-0.0127642,0.00105858,0.0127642,0.999918
0.285699,0.857357,0.0129941,0.999999,0,0.0010614,1.6257e-05,0.999883,-0.0153164,-0.00106128,0.0153165,0.999882
0.285664,1.00025,0.0106227,0.999994,0,0.00356693,6.3735e-05,0.99984,-0.0178682,-0.00356636,0.0178683,0.999834
0.428497,-1.0002,0.0112603,0.999986,0,0.00535035,-7.75625e-05,0.999895,0.0144965,-0.00534978,-0.0144967,0.999881
0.428549,-0.857317,0.0131842,0.999999,0,0.00159211,-1.97839e-05,0.999923,0.0124263,-0.00159198,-0.0124263,0.999922
0.428594,-0.714431,0.0148119,0.999999,0,-0.001588,1.64445e-05,0.999946,0.0103555,0.00158792,-0.0103555,0.999945
0.42863,-0.571545,0.0161435,0.999991,0,-0.00418988,3.4711e-05,0.999966,0.0082844,0.00418974,-0.00828448,0.999957
0.428658,-0.428658,0.0171792,0.999981,0,-0.00621351,3.86069e-05,0.999981,0.00621327,0.00621339,-0.00621339,0.999961
0.428679,-0.285772,0.0179189,0.999971,0,-0.00765891,3.17252e-05,0.999991,0.00414214,0.00765884,-0.00414226,0.999962
0.428691,-0.142886,0.0183627,0.999964,0,-0.00852612,1.76587e-05,0.999998,0.00207105,0.00852611,-0.00207113,0.999962
0.428695,-4.65668e-18,0.0185107,0.999961,0,-0.00881519,2.93211e-18,1,3.32607e-16,0.00881519,-3.3262e-16,0.999961
0.428691,0.142886,0.0183627,0.999964,0,-0.00852612,-1.76587e-05,0.999998,-0.00207105,0.00852611,0.00207113,0.999962
0.428679,0.285772,0.0179189,0.999971,0,-0.00765891,-3.17252e-05,0.999991,-0.00414214,0.00765884,0.00414226,0.999962
0.428658,0.428658,0.0171792,0.999981,0,-0.00621351,-3.86069e-05,0.999981,-0.00621327,0.00621339,0.00621339,0.999961
0.42863,0.571545,0.0161435,0.999991,0,-0.00418988,-3.4711e-05,0.999966,-0.0082844,0.00418974,0.00828448,0.999957
0.428594,0.714431,0.0148119,0.999999,0,-0.001588,-1.64445e-05,0.999946,-0.0103555,0.00158792,0.0103555,0.999945
0.428549,0.857317,0.0131842,0.999999,0,0.00159211,1.97839e-05,0.999923,-0.0124263,-0.00159198,0.0124263,0.999922
0.428497,1.0002,0.0112603,0.999986,0,0.00535035,7.75625e-05,0.999895,-0.0144965,-0.00534978,0.0144967,0.999881
0.571329,-1.00014,0.0121527,0.999975,0,0.00713372,-6.97375e-05,0.999952,0.00977551,-0.00713337,-0.00977576,0.999927
0.571399,-0.85726,0.0134501,0.999998,0,0.0021228,-1.77881e-05,0.999965,0.0083795,-0.00212273,-0.00837952,0.999963
0.571458,-0.714383,0.0145476,0.999998,0,-0.00211734,1.47854e-05,0.999976,0.00698299,0.00211729,-0.00698301,0.999973
0.571507,-0.571507,0.0154454,0.999984,0,-0.00558647,3.12081e-05,0.999984,0.00558629,0.00558638,-0.00558638,0.999969
0.571545,-0.42863,0.0161435,0.999966,0,-0.00828455,3.47101e-05,0.999991,0.00418959,0.00828448,-0.00418974,0.999957
0.571572,-0.285753,0.0166421,0.999948,0,-0.0102116,2.85224e-05,0.999996,0.00279298,0.0102116,-0.00279312,0.999944
0.571588,-0.142877,0.0169413,0.999935,0,-0.0113678,1.58757e-05,0.999999,0.00139646,0.0113678,-0.00139655,0.999934
0.571593,-4.3712e-18,0.017041,0.999931,0,-0.0117532,3.6697e-18,1,3.12207e-16,0.0117532,-3.12229e-16,0.999931
0.571588,0.142877,0.0169413,0.999935,0,-0.0113678,-1.58757e-05,0.999999,-0.00139646,0.0113678,0.00139655,0.999934
0.571572,0.285753,0.0166421,0.999948,0,-0.0102116,-2.85224e-05,0.999996,-0.00279298,0.0102116,0.00279312,0.999944
0.571545,0.42863,0.0161435,0.999966,0,-0.00828455,-3.47101e-05,0.999991,-0.00418959,0.00828448,0.00418974,0.999957
0.571507,0.571507,0.0154454,0.999984,0,-0.00558647,-3.12081e-05,0.999984,-0.00558629,0.00558638,0.00558638,0.999969
0.571458,0.714383,0.0145476,0.999998,0,-0.00211734,-1.47854e-05,0.999976,-0.00698299,0.00211729,0.00698301,0.999973
0.571399,0.85726,0.0134501,0.999998,0,0.0021228,1.77881e-05,0.999965,-0.0083795,-0.00212273,0.00837952,0.999963
0.571329,1.00014,0.0121527,0.999975,0,0.00713372,6.97375e-05,0.999952,-0.00977551,-0.00713337,0.00977576,0.999927
0.714161,-1.00005,0.0132996,0.99996,0,0.00891702,-3.30391e-05,0.999993,0.00370503,-0.00891696,-0.00370517,0.999953
0.714249,-0.857187,0.0137917,0.999996,0,0.0026535,-8.42748e-06,0.999995,0.00317597,-0.00265349,-0.00317598,0.999991
0.714323,-0.714323,0.0142076,0.999996,0,-0.00264667,7.00482e-06,0.999996,0.00264665,0.00264666,-0.00264666,0.999993
0.714383,-0.571458,0.0145476,0.999976,0,-0.00698302,1.47851e-05,0.999998,0.00211723,0.00698301,-0.00211729,0.999973
0.714431,-0.428594,0.0148119,0.999946,0,-0.0103555,1.64437e-05,0.999999,0.00158783,0.0103555,-0.00158792,0.999945
0.714464,-0.285729,0.0150005,0.999919,0,-0.0127642,1.3512e-05,0.999999,0.0010585,0.0127642,-0.00105858,0.999918
0.714485,-0.142865,0.0151137,0.999899,0,-0.0142093,7.52072e-06,1,0.000529228,0.0142093,-0.000529282,0.999899
0.714491,-2.41621e-18,0.0151514,0.999892,0,-0.014691,2.53546e-18,1,1.72568e-16,0.014691,-1.72586e-16,0.999892
0.714485,0.142865,0.0151137,0.999899,0,-0.0142093,-7.52072e-06,1,-0.000529228,0.0142093,0.000529282,0.999899
0.714464,0.285729,0.0150005,0.999919,0,-0.0127642,-1.3512e-05,0.999999,-0.0010585,0.0127642,0.00105858,0.999918
0.714431,0.428594,0.0148119,0.999946,0,-0.0103555,-1.64437e-05,0.999999,-0.00158783,0.0103555,0.00158792,0.999945
0.714383,0.571458,0.0145476,0.999976,0,-0.00698302,-1.47851e-05,0.999998,-0.00211723,0.00698301,0.00211729,0.999973
0.714323,0.714323,0.0142076,0.999996,0,-0.00264667,-7.00482e-06,0.999996,-0.00264665,0.00264666,0.00264666,0.999993
0.714249,0.857187,0.0137917,0.999996,0,0.0026535,8.42748e-06,0.999995,-0.00317597,-0.00265349,0.00317598,0.999991
0.714161,1.00005,0.0132996,0.99996,0,0.00891702,3.30391e-05,0.999993,-0.00370503,-0.00891696,0.00370517,0.999953
0.856993,-0.999948,0.0147007,0.999943,0,0.0107002,3.97479e-05,0.999993,-0.00371447,-0.0107002,0.00371468,0.999936
0.857098,-0.857098,0.0142086,0.999995,0,0.0031842,1.01391e-05,0.999995,-0.00318417,-0.00318418,0.00318418,0.99999
0.857187,-0.714249,0.0137917,0.999995,0,-0.003176,-8.42747e-06,0.999996,-0.00265348,0.00317598,0.00265349,0.999991
0.85726,-0.571399,0.0134501,0.999965,0,-0.00837954,-1.77875e-05,0.999998,-0.00212266,0.00837952,0.00212273,0.999963
0.857317,-0.428549,0.0131842,0.999923,0,-0.0124263,-1.97824e-05,0.999999,-0.00159186,0.0124263,0.00159198,0.999922
0.857357,-0.285699,0.0129941,0.999883,0,-0.0153165,-1.62551e-05,0.999999,-0.00106116,0.0153165,0.00106128,0.999882
0.857382,-0.14285,0.01288,0.999855,0,-0.0170504,-9.04737e-06,1,-0.000530548,0.0170504,0.000530625,0.999854
0.85739,1.57835e-18,0.0128419,0.999845,0,-0.0176283,-1.98741e-18,1,-1.12722e-16,0.0176283,1.1274e-16,0.999845
0.857382,0.14285,0.01288,0.999855,0,-0.0170504,9.04737e-06,1,0.000530548,0.0170504,-0.000530625,0.999854
0.857357,0.285699,0.0129941,0.999883,0,-0.0153165,1.62551e-05,0.999999,0.00106116,0.0153165,-0.00106128,0.999882
0.857317,0.428549,0.0131842,0.999923,0,-0.0124263,1.97824e-05,0.999999,0.00159186,0.0124263,-0.00159198,0.999922
0.85726,0.571399,0.0134501,0.999965,0,-0.00837954,1.77875e-05,0.999998,0.00212266,0.00837952,-0.00212273,0.999963
0.857187,0.714249,0.0137917,0.999995,0,-0.003176,8.42747e-06,0.999996,0.00265348,0.00317598,-0.00265349,0.999991
0.857098,0.857098,0.0142086,0.999995,0,0.0031842,-1.01391e-05,0.999995,0.00318417,-0.00318418,-0.00318418,0.99999
0.856993,0.999948,0.0147007,0.999943,0,0.0107002,-3.97479e-05,0.999993,0.00371447,-0.0107002,-0.00371468,0.999936
0.999825,-0.999825,0.0163555,0.999922,0,0.0124833,0.000155822,0.999922,-0.0124814,-0.0124824,0.0124824,0.999844
0.999948,-0.856993,0.0147007,0.999993,0,0.00371489,3.97499e-05,0.999943,-0.0107001,-0.00371468,0.0107002,0.999936
1.00005,-0.714161,0.0132996,0.999993,0,-0.00370532,-3.30402e-05,0.99996,-0.00891689,0.00370517,0.00891696,0.999953
1.00014,-0.571329,0.0121527,0.999952,0,-0.00977601,-6.97359e-05,0.999975,-0.00713303,0.00977576,0.00713337,0.999927
1.0002,-0.428497,0.0112603,0.999895,0,-0.0144969,-7.75555e-05,0.999986,-0.00534922,0.0144967,0.00534978,0.999881
1.00025,-0.285664,0.0106227,0.99984,0,-0.0178685,-6.37253e-05,0.999994,-0.00356579,0.0178683,0.00356636,0.999834
1.00028,-0.142832,0.0102401,0.999802,0,-0.0198911,-3.54681e-05,0.999998,-0.00178277,0.019891,0.00178312,0.999801
1.00029,8.05522e-18,0.0101125,0.999789,0,-0.0205652,-1.18327e-17,1,-5.75251e-16,0.0205652,5.75373e-16,0.999789
1.00028,0.142832,0.0102401,0.999802,0,-0.0198911,3.54681e-05,0.999998,0.00178277,0.019891,-0.00178312,0.999801
1.00025,0.285664,0.0106227,0.99984,0,-0.0178685,6.37253e-05,0.999994,0.00356579,0.0178683,-0.00356636,0.999834
1.0002,0.428497,0.0112603,0.999895,0,-0.0144969,7.75555e-05,0.999986,0.00534922,0.0144967,-0.00534978,0.999881
1.00014,0.571329,0.0121527,0.999952,0,-0.00977601,6.97359e-05,0.999975,0.00713303,0.00977576,-0.00713337,0.999927
1.00005,0.714161,0.0132996,0.999993,0,-0.00370532,3.30402e-05,0.99996,0.00891689,0.00370517,-0.00891696,0.999953
0.999948,0.856993,0.0147007,0.999993,0,0.00371489,-3.97499e-05,0.999943,0.0107001,-0.00371468,-0.0107002,0.999936
0.999825,0.999825,0.0163555,0.999922,0,0.0124833,-0.000155822,0.999922,0.0124814,-0.0124824,-0.0124824,0.999844
