x,y,z,tau1_x,tau1_y,tau1_z,tau2_x,tau2_y,tau2_z,normal_x,normal_y,normal_z
-0.349153,-0.350278,0.938622,0.999904,0,0.0138737,6.32078e-05,0.99999,-0.00455551,-0.0138735,0.00455595,0.999893
-0.349866,-0.249511,0.938902,0.999998,0,0.00219002,-1.75395e-05,0.999968,0.00800883,-0.00218995,-0.00800885,0.999966
-0.352047,-0.149563,0.939806,0.999438,0,-0.0335288,0.000239748,0.999974,0.00714647,0.033528,-0.00715049,0.999412
-0.352331,-0.0504343,0.93993,0.999271,0,-0.0381854,-0.000271665,0.999975,-0.00710918,0.0381844,0.00711437,0.999245
-0.34736,0.047878,0.937993,0.999063,0,0.0432777,0.00150436,0.999396,-0.034728,-0.0432516,0.0347605,0.998459
-0.33434,0.145533,0.934686,0.966354,0,0.257216,0.0188224,0.997319,-0.0707151,-0.256526,0.0731772,0.963763
-0.315683,0.243469,0.933249,0.824822,0,0.565392,0.060492,0.99426,-0.0882486,-0.562147,0.106991,0.820088
-0.301201,0.342861,0.931002,0.593425,0,0.804889,0.0941222,0.993139,-0.0693941,-0.799367,0.116938,0.589354
-0.249609,-0.349457,0.939617,0.999979,0,0.00640819,-5.70329e-05,0.99996,0.00889982,-0.00640794,-0.0089,0.99994
-0.249938,-0.250955,0.939065,0.999999,0,0.00101149,1.58228e-05,0.999878,-0.0156431,-0.00101136,0.0156431,0.999877
-0.250946,-0.150853,0.937371,0.99988,0,-0.0154925,-0.000216475,0.999902,-0.0139712,0.015491,0.0139729,0.999782
-0.251077,-0.0491512,0.937152,0.999844,0,-0.0176464,0.000245359,0.999903,0.013902,0.0176447,-0.0139042,0.999748
-0.248782,0.0541411,0.941166,0.9998,0,0.020003,-0.00135692,0.997697,0.0678221,-0.0199569,-0.0678357,0.997497
-0.242631,0.158891,0.952713,0.992528,0,0.122016,-0.0177705,0.989338,0.144553,-0.120715,-0.145641,0.981945
-0.232095,0.264413,0.976043,0.953363,0,0.301827,-0.0712592,0.971731,0.225082,-0.293295,-0.236092,0.926412
-0.21921,0.36905,1.01535,0.847449,0,0.530877,-0.165665,0.950063,0.264454,-0.504367,-0.312059,0.805129
-0.149943,-0.349168,0.939969,1,0,0.000928633,-1.26521e-05,0.999907,0.0136244,-0.000928547,-0.0136244,0.999907
-0.149991,-0.251462,0.93913,1,0,0.000146575,3.50956e-06,0.999713,-0.0239438,-0.000146533,0.0239438,0.999713
-0.150137,-0.151306,0.936525,0.999997,0,-0.00224529,-4.80281e-05,0.999771,-0.0213906,0.00224478,0.0213906,0.999769
-0.150156,-0.0487006,0.936186,0.999997,0,-0.00255754,5.44402e-05,0.999773,0.0212861,0.00255696,-0.0212861,0.99977
-0.149824,0.0563213,0.942435,0.999996,0,0.00289921,-0.000300211,0.994624,0.103549,-0.00288363,-0.103549,0.99462
-0.14894,0.163515,0.959855,0.999841,0,0.0178116,-0.0039433,0.975186,0.221354,-0.0173697,-0.221389,0.975031
-0.147393,0.272168,0.993083,0.998949,0,0.0458294,-0.0166419,0.93174,0.362745,-0.0427011,-0.363127,0.930761
-0.145249,0.381057,1.0464,0.995905,0,0.0904063,-0.0459931,0.860922,0.506654,-0.0778327,-0.508738,0.857396
-0.0501565,-0.349249,0.93987,0.999997,0,-0.00256405,3.15334e-05,0.999924,0.0122983,0.00256385,-0.0122983,0.999921
-0.0500247,-0.251319,0.939112,1,0,-0.000404709,-8.74743e-06,0.999766,-0.0216141,0.000404614,0.0216141,0.999766
-0.0496216,-0.151179,0.936761,0.999981,0,0.00619937,0.000119703,0.999814,-0.0193085,-0.00619822,0.0193088,0.999794
-0.049569,-0.048827,0.936455,0.999975,0,0.00706149,-0.000135682,0.999815,0.0192139,-0.00706019,-0.0192144,0.99979
-0.0504865,0.0557115,0.94207,0.999968,0,-0.00800481,0.000748925,0.995614,0.0935564,0.0079697,-0.0935594,0.995582
-0.0529382,0.162243,0.957757,0.998792,0,-0.0491282,0.00985262,0.979684,0.200307,0.0481301,-0.200549,0.978501
-0.0572424,0.270134,0.987871,0.992072,0,-0.125669,0.041448,0.944044,0.327205,0.118637,-0.32982,0.93656
-0.0631707,0.378144,1.03658,0.969995,0,-0.243127,0.112086,0.887391,0.447185,0.215748,-0.461018,0.860764
0.0497516,-0.349536,0.939519,0.999992,0,-0.00406971,3.09355e-05,0.999971,0.00760134,0.00406959,-0.0076014,0.999963
0.0499608,-0.250816,0.939048,1,0,-0.000642365,-8.58248e-06,0.999911,-0.0133607,0.000642308,0.0133607,0.999911
0.0506006,-0.150729,0.937598,0.999952,0,0.00983954,0.000117435,0.999929,-0.0119345,-0.00983883,0.011935,0.99988
0.0506841,-0.049275,0.93741,0.999937,0,0.0112078,-0.00013311,0.999929,0.0118758,-0.011207,-0.0118766,0.999867
0.0492257,0.0535394,0.94082,0.999919,0,-0.0127048,0.00073662,0.998318,0.0579748,0.0126835,-0.0579795,0.998237
0.0452859,0.157649,0.950429,0.996966,0,-0.0778351,0.00975236,0.99212,0.124915,0.0772217,-0.125295,0.98911
0.0382318,0.26274,0.969309,0.980381,0,-0.197114,0.0411353,0.977982,0.204594,0.192774,-0.208688,0.958795
0.028431,0.367947,1.00087,0.929169,0,-0.369656,0.108674,0.955809,0.273165,0.35332,-0.293988,0.888108
0.149781,-0.349865,0.939118,0.999994,0,-0.0035884,7.94173e-06,0.999998,0.00221316,0.00358839,-0.00221317,0.999991
0.149965,-0.250237,0.93898,1,0,-0.000566394,-2.2034e-06,0.999992,-0.00389023,0.00056639,0.00389023,0.999992
0.15053,-0.150212,0.938559,0.999962,0,0.00867593,3.01496e-05,0.999994,-0.00347495,-0.00867588,0.00347508,0.999956
0.150603,-0.0497889,0.938505,0.999951,0,0.0098824,-3.4174e-05,0.999994,0.0034579,-0.00988234,-0.00345807,0.999945
0.149316,0.0510321,0.939478,0.999937,0,-0.0112025,0.000189397,0.999857,0.0169057,0.0112009,-0.0169067,0.999794
0.14581,0.152245,0.942286,0.997639,0,-0.0686761,0.00252513,0.999324,0.0366819,0.0686296,-0.0367687,0.996964
0.139365,0.253802,0.948113,0.984647,0,-0.174558,0.0108707,0.998059,0.0613194,0.174219,-0.0622755,0.982736
0.129876,0.355529,0.95867,0.943627,0,-0.331009,0.0299796,0.99589,0.0854644,0.329649,-0.0905701,0.939749
0.249932,-0.350072,0.938866,0.999999,0,-0.0011201,-1.32831e-06,0.999999,-0.00118589,0.0011201,0.00118589,0.999999
0.249989,-0.249873,0.93894,1,0,-0.000176796,3.68532e-07,0.999998,0.0020845,0.000176796,-0.0020845,0.999998
0.250165,-0.149886,0.939166,0.999996,0,0.00270823,-5.04304e-06,0.999998,0.00186211,-0.00270822,-0.00186212,0.999995
0.250188,-0.0501131,0.939196,0.999995,0,0.00308486,5.7163e-06,0.999998,-0.00185301,-0.00308486,0.00185302,0.999994
0.249787,0.0494469,0.938682,0.999994,0,-0.00349698,-3.16845e-05,0.999959,-0.00906048,0.00349683,0.00906054,0.999953
0.248689,0.148794,0.937293,0.999769,0,-0.0214825,-0.00042435,0.999805,-0.0197487,0.0214784,0.0197533,0.999574
0.246629,0.247932,0.934738,0.998472,0,-0.0552522,-0.00187216,0.999426,-0.0338321,0.0552205,0.0338838,0.997899
0.243364,0.34687,0.930802,0.994059,0,-0.108844,-0.00558014,0.998685,-0.0509625,0.108701,0.0512671,0.992752
0.350204,-0.349995,0.93896,0.999994,0,0.0033352,-2.82705e-07,1,8.47634e-05,-0.0033352,-8.47639e-05,0.999994
0.350032,-0.250009,0.938954,1,0,0.000526429,7.84356e-08,1,-0.000148995,-0.000526429,0.000148995,1
0.349508,-0.150008,0.93894,0.999967,0,-0.00806379,-1.07326e-06,1,-0.000133092,0.00806379,0.000133096,0.999967
0.349439,-0.0499919,0.938939,0.999958,0,-0.00918515,1.21652e-06,1,0.000132439,0.00918515,-0.000132444,0.999958
0.350636,0.0500395,0.938976,0.999946,0,0.0104121,-6.74309e-06,1,0.000647585,-0.0104121,-0.00064762,0.999946
0.353898,0.150086,0.939199,0.997959,0,0.0638507,-9.0006e-05,0.999999,0.00140676,-0.0638507,-0.00140963,0.997958
0.359925,0.250146,0.940076,0.986696,0,0.162579,-0.000389333,0.999997,0.00236287,-0.162578,-0.00239473,0.986693
0.368923,0.350214,0.942575,0.950745,0,0.309974,-0.00108781,0.999994,0.00333652,-0.309972,-0.00350937,0.950739
