x,y,z,tau1_x,tau1_y,tau1_z,tau2_x,tau2_y,tau2_z,normal_x,normal_y,normal_z
-1.5,-1.5,-0.005676459060291007,0.9994691231212446,0.0,0.03258023829333242,-0.0008242617601307833,0.9996799179600352,0.025286008383458757,-0.03256980994419695,-0.025299439270813105,0.999149211005434
-1.5,-1.457142857142857,-0.004605803094403203,0.999408027482189,0.0,0.03440340977519366,-0.0008470657381118138,0.9996968433536355,0.02460698820279383,-0.034392980152862705,-0.024621563491726468,0.9991050502962278
-1.5,-1.4142857142857144,-0.003564092752562284,0.9993521295019374,0.0,0.03599057182017264,-0.0008618945399465065,0.9997132106301605,0.02393227171286167,-0.03598025010676017,-0.023947786777408653,0.9990655259344698
-1.5,-1.3714285714285714,-0.0025511595291689147,0.9993022820858617,0.0,0.03734901629211393,-0.000869414859187231,0.9997290278666066,0.02326187779806674,-0.03733889574948912,-0.02327811935895093,0.9990314990145802
-1.5,-1.3285714285714285,-0.0015668349186237784,0.9992591385950805,0.0,0.03848602258246289,-0.0008702676784787197,0.999744303266797,0.0225958119959128,-0.03847618183221457,-0.022612564772418933,0.9990036312977184
-1.5,-1.2857142857142856,-0.0006109504153275504,0.9992231693061054,0.0,0.03940885588115806,-0.0008650685604631585,0.9997590451157184,0.02193406860782142,-0.039399360124849556,-0.021951120912311488,0.998982401602974
-1.5,-1.2428571428571429,0.0003166624863190888,0.9991946772948165,0.0,0.04012476623866342,-0.0008544079848225114,0.999773261740317,0.021276632631200637,-0.04011566841899628,-0.021293780996516336,0.9989681216326023
-1.5,-1.2,0.001216172291915476,0.9991738137432347,0.0,0.0406409882975298,-0.0008388517189013262,0.9997869614761719,0.020623481520764344,-0.04063233020137597,-0.020640534446656464,0.9989609512289069
-1.5,-1.157142857142857,0.0020877475070609263,0.9991605926712378,0.0,0.0409647415817681,-0.0008189412111945956,0.9998001526395028,0.019974586787196238,-0.040956554886289534,-0.019991367687745315,0.9989609130640797
-1.5,-1.1142857142857143,0.002931556637354764,0.9991549050980435,0.0,0.04110323124183685,-0.0007951939986607046,0.9998128435039926,0.01932991544123828,-0.041095538505103044,-0.01934626487105271,0.9989679067670365
-1.5,-1.0714285714285714,0.003747768188396316,0.9991565326401496,0.0,0.04106364916216756,-0.0007681041203361949,0.9998250422819346,0.01868943129118665,-0.041056464759814705,-0.01870520852403587,0.9989817224932088
-1.5,-1.0285714285714285,0.004536550665784908,0.9991651605535885,0.0,0.040853175346864126,-0.0007381425310953542,0.9998367571092541,0.018053096101621244,-0.04084650635642435,-0.018068180131119566,0.9990020539444471
-1.5,-0.9857142857142858,0.005298072575119857,0.9991803902289268,0.0,0.04047897950751227,-0.0007057575106219613,0.9998479960339686,0.017420870620994212,-0.04047282654208622,-0.01743516064902238,0.999028510846831
-1.5,-0.9428571428571428,0.006032502422000497,0.9992017511475475,0.0,0.039948222784927934,-0.0006713750637519093,0.9998587670076947,0.016792715485475992,-0.039942580777886746,-0.01680613096022916,0.9990606308943164
-1.5,-0.9,0.006740008712026147,0.9992287123074653,0.0,0.0392680595441689,-0.0006353993093124843,0.9998690778798263,0.01616859200621354,-0.03926291848655828,-0.01618107226810594,0.9990978911659117
-1.5,-0.8571428571428571,0.007420759950796131,0.9992606931263385,0.0,0.03844563918924554,-0.0005982128554355315,0.9998789363940406,0.015548462846907501,-0.038440984821531875,-0.015559966437048354,0.999139719023535
-1.5,-0.8142857142857143,0.00807492464390977,0.9992970738285367,0.0,0.03748810795070815,-0.0005601771600656745,0.9998883501868125,0.014932292598368759,-0.03748392241045871,-0.014942796280949484,0.9991855024969252
-1.5,-0.7714285714285715,0.008702671296966395,0.9993372053221532,0.0,0.036402610605676566,-0.0005216328760290593,0.9998973267876431,0.014320048256477206,-0.03639887303270751,-0.014329545803171511,0.9992346001610551
-1.5,-0.7285714285714285,0.009304168415565328,0.9993804185707755,0.0,0.035196292095925535,-0.00048290018058006135,0.9999058736207264,0.013711699609740216,-0.035192979196386684,-0.013720200391107783,0.9992863505104582
-1.5,-0.6857142857142857,0.009879584505305895,0.9994260334637185,0.0,0.0338762990153644,-0.0004442790898100229,0.9999139980078071,0.013107219542439326,-0.03387338558616095,-0.013114746968330947,0.9993400808337909
-1.5,-0.6428571428571428,0.01042908807178741,0.9994733671872945,0.0,0.0324497809436589,-0.00040604975868971247,0.9999217071719975,0.012506584259161258,-0.03244724035854076,-0.012513174107237224,0.9993951155908642
-1.5,-0.6,0.010952847620609212,0.9995217420986028,0.0,0.03092389160785258,-0.0003684727678319939,0.9999290082423424,0.011909773436335744,-0.030921696266433724,-0.011915472105018846,0.9994507842933141
-1.5,-0.5571428571428572,0.011451031657370615,0.9995704931022925,0.0,0.02930578985865862,-0.00033178939830873753,0.9999359082589397,0.01131677030624684,-0.02930391159956343,-0.011321633025724701,0.999506428889077
-1.5,-0.5142857142857142,0.011923808687670949,0.9996189745298172,0.0,0.02760264045262029,-0.0002962218960417216,0.9999424141784439,0.010727561678846366,-0.02760105093189271,-0.010731650711104402,0.999561410649926
-1.5,-0.47142857142857153,0.012371347217109533,0.9996665665198631,0.0,0.025821614635578936,-0.0002619737274161242,0.9999485328797929,0.010142137906575406,-0.025820285671434542,-0.010145520762871172,0.9996151165605168
-1.5,-0.4285714285714286,0.012793815751285692,0.9997126808979322,0.0,0.023969890526849023,-0.00022922982784213188,0.9999542711700166,0.009560492797292472,-0.023968794411800397,-0.009563240498965495,0.9996669652067152
-1.5,-0.3857142857142857,0.01319138279579876,0.9997567665524951,0.0,0.022054653307175664,-0.00019815684501971499,0.999959635790003,0.008982623480310972,-0.022053763088518162,-0.008984808886351572,0.9997164121604242
-1.5,-0.34285714285714275,0.013564216856248043,0.9997983143046938,0.0,0.020083095216942244,-0.000168903378648295,0.9999646334201084,0.008408530230463347,-0.020082384946550787,-0.008410226452833172,0.9997629548577356
-1.5,-0.30000000000000004,0.013912486438232884,0.9998368612683021,0.0,0.018062415374200006,-0.0001416002182712023,0.9999692706855133,0.007838216255031501,-0.018061860328557583,-0.007839495180332374,0.9998061369669567
-1.5,-0.2571428571428571,0.01423636004735259,0.9998719946965064,0.0,0.015999819424902476,-0.00011636058085876609,0.9999735541612433,0.007271687448310546,-0.01599939629625783,-0.007272618382033732,0.9998455522429575
-1.5,-0.2142857142857142,0.014536006189206502,0.9999033553120699,0.0,0.013902519040242154,-9.3280349617848e-05,0.9999774903767823,0.006708952118503596,-0.013902206099776784,-0.006709600565756408,0.9998808478642879
-1.5,-0.17142857142857149,0.014811593369393932,0.9999306401175726,0.0,0.011777731278196452,-7.243831537377229e-05,0.9999810858202188,0.0061500206915763985,-0.01177750851206964,-0.0061504472858770224,0.9999117272496766
-1.5,-0.12857142857142856,0.015063290093514207,0.9999536046826655,0.0,0.009632677828291842,-5.389642170710115e-05,0.9999843469418802,0.005594905396630485,-0.009632527047425947,-0.005595164986085554,0.9999379523507742
-1.5,-0.08571428571428563,0.015291264867166655,0.9999720649056314,0.0,0.007474584160181142,-3.770001484664088e-05,0.9999872801574216,0.005043619937280207,-0.007474489084647284,-0.00504376083521511,0.9999593454183827
-1.5,-0.04285714285714293,0.015495686195950598,0.9999858982469851,0.0,0.00531067859789471,-2.38780991255342e-05,0.999989891850341,0.004496179153440698,-0.005310624916760652,-0.00449624255834275,0.9999757902398687
-1.5,0.0,0.015676722585465357,0.9999950444333564,0.0,0.0031481913425675336,-1.2443598603331797e-05,0.9999921883739136,0.003952598677849486,-0.003148166750073918,-0.003952618265312717,0.9999872328459811
-1.5,0.04285714285714293,0.015834542541310264,0.999999505630469,0.0,0.0009943534670572144,-3.3936252475165116e-06,0.9999941760525359,0.003412894591553049,-0.0009943476759948617,-0.0034128962787849815,0.9999936816858843
-1.5,0.08571428571428563,0.015969314569084635,0.9999993460846244,0.0,-0.0011436040938514213,3.2902461430290075e-06,0.9999958611824905,0.002877083082490205,0.001143599360682774,-0.0028770849638602995,0.9999952072698214
-1.5,0.12857142857142856,0.016081207174387796,0.9999946912327088,0.0,-0.003258451534010571,7.641696298847946e-06,0.999997250032144,0.0023451801111968895,0.0032584425733735915,-0.00234519256127845,0.9999919412794517
-1.5,0.17142857142857149,0.016170388862819077,0.9999857262813443,0.0,-0.005342961123982313,9.709373354055798e-06,0.9999983488416045,0.0018172010875414256,0.005342952301907197,-0.0018172270261287305,0.9999840751465171
-1.5,0.2142857142857144,0.016237028139977797,0.9999726942563787,0.0,-0.007389908094077612,9.556598656138296e-06,0.9999991638218662,0.001293160562276018,0.007389901914798052,-0.001293195873951004,0.9999718581010774
-1.5,0.2571428571428571,0.01628129351146328,0.999955893524428,0.0,-0.009392071430865383,7.2610671141447145e-06,0.9999997011534837,0.0007730719370600458,0.009392068624077559,-0.0007731060360425393,0.9999555946910932
-1.5,0.30000000000000004,0.016303353482874854,0.9999356747886469,0.0,-0.0113422345670308,2.914542852334859e-06,0.9999999669848213,0.000256947196474073,0.011342234192564898,-0.00025696372572003997,0.9999356417755918
-1.5,0.34285714285714297,0.01630337655981184,0.9999124375612669,0.0,-0.01323318594615932,-3.377448918476355e-06,0.9999999674299249,-0.00025520333459778146,0.013233185515153461,0.0002552256827809931,0.9999124049940437
-1.5,0.3857142857142857,0.016281531247873564,0.9998866261157234,0.0,-0.01505771944604025,-1.1495932776395167e-05,0.999999708566081,-0.0007633712049845426,0.01505771505771006,0.000763457761156406,0.9998863347148453
-1.5,0.4285714285714286,0.01623798605265934,0.9998587249213379,0.0,-0.01680863464641334,-2.1308795576585462e-05,0.9999991964311188,-0.001267550019558576,0.016808621139517598,0.0012677291180894564,0.9998579214659808
-1.5,0.47142857142857153,0.016172909479768512,0.9998292535635683,0.0,-0.018478736929720945,-3.267109934617178e-05,0.9999984370205256,-0.0017677355869407578,0.018478708047834407,0.0017680374730387565,0.999827690850967
-1.5,0.5142857142857142,0.01608647003480039,0.9997987611527407,0.0,-0.020060837406370206,-4.542539333741966e-05,0.9999974362844465,-0.0022639260297880916,0.02006078597608933,0.0022643817113534386,0.9997961979531061
-1.5,0.5571428571428569,0.0159788362233543,0.9997678202239436,0.0,-0.021547752659250286,-5.9402023979211145e-05,0.9999962001246403,-0.0027561218550135637,0.021547670780475904,0.002756761919378646,0.9997640212308383
-1.5,0.6000000000000001,0.01585017655102957,0.9997370201304075,0.0,-0.022932304305784308,-7.441944148823355e-05,0.9999947343914731,-0.0032443259814256714,0.022932183553247217,0.0032451793982806354,0.9997317559066298
-1.5,0.6428571428571428,0.015700659523425524,0.999706959932193,0.0,-0.024207318379622384,-9.028450195719912e-05,0.9999930448810227,-0.0037285437224059688,0.024207150014842933,0.0037296366553843576,0.9997000068513443
-1.5,0.6857142857142859,0.01553045364614148,0.9996782407813961,0.0,-0.02536562453819841,-0.00010679276382927365,0.9999911373323817,-0.004208782721366178,0.025365399731099192,0.004210137371877166,0.9996693809654227
-1.5,0.7285714285714286,0.01533972742477677,0.9996514578043485,0.0,-0.026400055106778335,-0.00012372877779702175,0.9999890174252397,-0.0046850528378399574,0.02639976516619945,0.004686686345789249,0.9996404790574789
-1.5,0.7714285714285714,0.015128649364930715,0.9996271914804743,0.0,-0.02730344397432544,-0.00014086636933183689,0.9999866907778284,-0.005157365982168712,0.02730308058672353,0.005159289409215165,0.999613887220094
-1.5,0.8142857142857145,0.014897387972202636,0.9996059985165734,0.0,-0.02806862536149872,-0.0001579689132571237,0.9999841629453146,-0.005625735896833878,0.028068180837143925,0.005627953318790137,0.999590167701711
-1.5,0.8571428571428572,0.014646111752191864,0.9995884022143683,0.0,-0.02868843248639208,-0.0001747896000265868,0.9999814394187296,-0.0060901778825712795,0.028687900012409395,0.006092685618480396,0.9995698492725921
-1.5,0.8999999999999999,0.014374989210497721,0.9995748823282181,0.0,-0.029155696159220562,-0.00019107169365891922,0.9999785256245167,-0.006550708467476134,0.02915507005885376,0.006553494473788866,0.9995534170818713
-1.5,0.9428571428571431,0.014084188852719517,0.9995658644089978,0.0,-0.029463243343073778,-0.00020654878161306214,0.9999754269247862,-0.007007345017371287,0.029462519340579068,0.007010388476515694,0.9995413020018306
-1.5,0.9857142857142858,0.013773879184456604,0.9995617086293156,0.0,-0.029603895724098,-0.00022094501726514513,0.9999721486183626,-0.00746010528576847,0.02960307121470023,0.007463376419249196,0.9995338694546984
-1.5,1.0285714285714285,0.013444228711308286,0.999562698084563,0.0,-0.0295704683410464,-0.0002339753560703156,0.9999686959427081,-0.007909006901804959,0.0295695426654113,0.007912467038796858,0.9995314077165952
-1.5,1.0714285714285716,0.013095405938873893,0.999569026563795,0.0,-0.029355768331065544,-0.00024534578696107904,0.999965074076808,-0.008354066794589408,0.02935474305375558,0.008357668727799692,0.9995341156927483
-1.5,1.1142857142857143,0.012727579372752748,0.999580785784229,0.0,-0.028952593855874575,-0.00025475356104961067,0.9999612881451039,-0.00879530055244538,0.02895147304726236,0.008798989213808225,0.9995420901578929
-1.5,1.157142857142857,0.01234091751854418,0.9995979520832753,0.0,-0.028353733280152758,-0.0002618874202658518,0.9999573432225505,-0.009232721715604257,0.028352523801262356,0.009236435205136444,0.999555312455894
-1.5,1.2000000000000002,0.011935588881847498,0.9996203725625856,0.0,-0.027551964681987718,-0.0002664278291770232,0.9999532443408864,-0.009666341000977316,0.027550676471719143,0.009670012002853726,0.9995736346532033
-1.5,1.2428571428571429,0.011511761968262046,0.9996477506797085,0.0,-0.026540055783652497,-0.0002680472138982376,0.999948996496192,-0.010096165457737396,0.026538702147816267,0.010099723078326867,0.9995967651418499
-1.5,1.2857142857142856,0.01106960528338714,0.9996796312846928,0.0,-0.025310764399770758,-0.0002664102127186061,0.9999446046578097,-0.010522197552572728,0.02530936230131573,0.010525569615788414,0.9996242536894371
-1.5,1.3285714285714287,0.010609287332822098,0.9997153851014986,0.0,-0.023856839509083776,-0.0002611739438325638,0.9999400737787094,-0.010944434183649177,0.023855409858840063,0.01094755001948681,0.9996554759361035
-1.5,1.3714285714285714,0.010130976622166252,0.9997541926574891,0.0,-0.022171023065524483,-0.00025198829638136154,0.9999354088073602,-0.01136286562254427,0.02216959101270264,0.011365659385073596,0.9996896173418388
-1.5,1.4142857142857141,0.00963484165701893,0.9997950276687305,0.0,-0.020246052674094066,-0.0002384962518731368,0.9999306147011796,-0.011777474383710254,0.02024464789567934,0.011779888935007357,0.9997256565919767
-1.5,1.4571428571428573,0.009121050942979441,0.9998366398944797,0.0,-0.018074665267069377,-0.0002203342439588258,0.9999256964416208,-0.0121882340213984,0.018073322255123522,0.012190225417908988,0.9997623484743378
-1.5,1.5,0.008589772985647127,0.9998775374812406,0.0,-0.01564960192626194,-0.0001971325654909731,0.9999206590509503,-0.012595107854449741,0.01564836027199286,0.01259665047199447,0.999798206248483
-1.457142857142857,-1.5,-0.004315123629396205,0.9995217975253724,0.0,0.030922100052364707,-0.0008401830582647123,0.9996308013875489,0.027157964020069505,-0.030910683655931297,-0.027170957239059223,0.9991527754646113
-1.457142857142857,-1.457142857142857,-0.0031691751541891825,0.9994682305889607,0.0,0.03260760713962151,-0.0008563531124206086,0.9996550844221168,0.02624840658701305,-0.03259636026796157,-0.026262372113164165,0.9991234984266315
-1.457142857142857,-1.4142857142857144,-0.0020619330191963196,0.9994193204241072,0.0,0.03407377236256076,-0.0008642742581728699,0.9996782618241281,0.025350066396295654,-0.03406280952919576,-0.025364795214823606,0.9990977690750229
-1.457142857142857,-1.3714285714285714,-0.0009929311611855264,0.9993757940825071,0.0,0.03532735769851336,-0.0008647513528359697,0.9997003631220222,0.024462955234286803,-0.03531677231934537,-0.024478234693232105,0.9990763442396415
-1.457142857142857,-1.3285714285714285,3.8296483075265845e-05,0.999338206529138,0.0,0.03637511472320025,-0.0008585506368794858,0.999721417656182,0.023587072101421264,-0.036364981258484017,-0.023602692209019956,0.9990598085492962
-1.457142857142857,-1.2857142857142856,0.0010322159768181305,0.9993069548237602,0.0,0.0372237832690793,-0.0008464004917367452,0.9997414545242015,0.022722405507378203,-0.03721415922832297,-0.022738164082312,0.9990485885316566
-1.457142857142857,-1.2428571428571429,0.001989293383275141,0.9992822918111635,0.0,0.03788009071568939,-0.0008289922367399799,0.9997605025355267,0.021868935542967947,-0.03787101853000895,-0.02188464232997793,0.9990429662359815
-1.457142857142857,-1.2,0.00290999476567838,0.9992643393193067,0.0,0.03835075181466045,-0.0008069809529565826,0.9997785901744236,0.021026635740975592,-0.03834226058139044,-0.021042115598059685,0.999043092376233
-1.457142857142857,-1.157142857142857,0.0037947861872599203,0.9992531008671829,0.0,0.03864246895993811,-0.0007809863237056249,0.9997957455702967,0.020195474738086125,-0.038634576064478364,-0.020210569995289345,0.9990489989949359
-1.457142857142857,-1.1142857142857143,0.0046441337112518325,0.9992484738862264,0.0,0.038761932821355975,-0.0007515934833330109,0.9998119964744655,0.019375417749797123,-0.03875464544132903,-0.019389989833502805,0.999060611650251
-1.457142857142857,-1.0714285714285714,0.005458503400886197,0.9992502614604418,0.0,0.03871582326696143,-0.0007193538674293207,0.9998273702425653,0.01856642786993857,-0.03870913976378197,-0.01858035828062035,0.9990777611301894
-1.457142857142857,-1.0285714285714285,0.006238361319395092,0.9992581835912759,0.0,0.038510810506452546,-0.0006847860590987061,0.999841893821818,0.017768467206083584,-0.038504721709384675,-0.017781657931711648,0.9991001946988513
-1.457142857142857,-0.9857142857142858,0.0069841735300105855,0.9992718879936708,0.0,0.03815355639471587,-0.000648376627142491,0.9998555937424763,0.016981497861766243,-0.03814804678242569,-0.016993871303496333,0.9991275868800771
-1.457142857142857,-0.9428571428571428,0.007696406095964758,0.9992909604297827,0.0,0.037650715840769185,-0.0006105809531196416,0.9998684961128116,0.016205482776037276,-0.0376457646252807,-0.016216981257458282,0.999159549784054
-1.457142857142857,-0.9,0.008375525080489683,0.999314934586627,0.0,0.03700893827341652,-0.0005718240451997688,0.9998806266170667,0.015440386430494458,-0.03700452039125605,-0.015450971356573867,0.9991956429822696
-1.457142857142857,-0.8571428571428571,0.009021996546817434,0.9993433015034477,0.0,0.0362348691206271,-0.0005325013375444065,0.9998920105158662,0.014686175433532773,-0.03623095613580311,-0.01469582616047795,0.9992353829358458
-1.457142857142857,-0.8142857142857143,0.00963628655818009,0.9993755185539993,0.0,0.03533515126506248,-0.0004929794746496748,0.9999026726486019,0.01394281899117337,-0.0353317121883786,-0.013951531463715755,0.9992782519817264
-1.457142857142857,-0.7714285714285715,0.010218861177809726,0.9994110179881754,0.0,0.034316426443309477,-0.00045359708066856555,0.9999126374373913,0.013210289273457241,-0.03431342847235581,-0.013218074481557837,0.9993237068805445
-1.457142857142857,-0.7285714285714285,0.01077018646893842,0.9994492150366205,0.0,0.0331853365612416,-0.0004146655142136149,0.9999219288922264,0.01248856168503021,-0.03318274574525442,-0.012495443987689378,0.9993711869292392
-1.457142857142857,-0.6857142857142857,0.011290728494798246,0.999489515581105,0.0,0.03194852490253762,-0.0003764696095298794,0.9999305706169851,0.011777615048203363,-0.0319463067361654,-0.011783630407924626,0.9994201216407084
-1.457142857142857,-0.6428571428571428,0.011780953318621269,0.9995313233925901,0.0,0.030612637211740814,-0.00033926840523247924,0.9999385858160181,0.011077431706447542,-0.030610757161606918,-0.011082625873943335,0.9994699379919996
-1.457142857142857,-0.6,0.012241327003639575,0.9995740469380939,0.0,0.029184322637354945,-0.00030329586203062866,0.9999459973010529,0.010387997555971718,-0.029182746605165587,-0.010392424240897754,0.9995200672417618
-1.457142857142857,-0.5571428571428572,0.012672315613085234,0.9996171057566829,0.0,0.027670234524348192,-0.00026876157101867853,0.9999528274981992,0.009709302012742489,-0.02766892925016026,-0.009713021072596402,0.9995699513169615
-1.457142857142857,-0.5142857142857142,0.013074385210190336,0.999659936404208,0.0,0.02607703104907815,-0.00023585145421141777,0.9999590984548674,0.009041337922023936,-0.02607596445821577,-0.009044413597833846,0.999619048768202
-1.457142857142857,-0.47142857142857153,0.013448001858186941,0.99970199796578,0.0,0.024411375693062346,-0.0002047284590425211,0.9999648318464421,0.008384101417251535,-0.02441051719005341,-0.008386600641302835,0.9996668402924033
-1.457142857142857,-0.4285714285714286,0.013793631620307122,0.9997427771344448,0.0,0.02267993755520136,-0.0001755332485380862,0.9999700489825806,0.007737591734799597,-0.022679258267996567,-0.00773958253239678,0.9997128338211116
-1.457142857142857,-0.3857142857142857,0.014111740559782975,0.9997817928540957,0.0,0.020889391505014357,-0.00014838488882777147,0.9999747708130308,0.007101810990955577,-0.02088886448265041,-0.007103360995084643,0.9997565691723156
-1.457142857142857,-0.34285714285714275,0.014402794739846545,0.9998186005243301,0.0,0.019046418182168578,-0.0001233815355700151,0.9999790179328903,0.006476763927174784,-0.019046018548944086,-0.006477939021916783,0.9997976222633567
-1.457142857142857,-0.30000000000000004,0.014667260223729935,0.9998527957647529,0.0,0.017157703850074067,-0.00010060112075081802,0.9999828105872407,0.005862457629453645,-0.017157408919220588,-0.005863320735098463,0.9998356088823481
-1.457142857142857,-0.2571428571428571,0.014905603074665201,0.9998840177361257,0.0,0.015229940113566829,-8.010204117293235e-05,0.9999861686751188,0.005258901227425678,-0.015229729463317198,-0.005259511237445869,0.9998701880154329
-1.457142857142857,-0.2142857142857142,0.015118289355884433,0.9999119520157469,0.0,0.013269823512716822,-6.192384978922153e-05,0.9999891117528065,0.00466610557855064,-0.013269679027598201,-0.004666516455918067,0.9999010647272416
-1.457142857142857,-0.17142857142857149,0.015305785130619705,0.9999363330245626,0.0,0.011284055006565544,-4.608795085533663e-05,0.9999916590364236,0.004084082942531505,-0.01128396088667374,-0.0040843429802957095,0.9999279925920302
-1.457142857142857,-0.12857142857142856,0.015468556462103078,0.999956946003678,0.0,0.00927933936211909,-3.259829968744208e-05,0.999993829403841,0.003512846650855024,-0.009279282103063264,-0.0035129978994536664,0.999950775673188
-1.457142857142857,-0.08571428571428563,0.015607069413566639,0.9999736285382128,0.0,0.0072623844651905495,-2.1442107614987318e-05,0.9999956413959239,0.0029524107761076967,-0.007262352811332018,-0.002952488637548979,0.9999692700490795
-1.457142857142857,-0.04285714285714293,0.01572179004824246,0.9999862716267705,0.0,0.005239900570698766,-1.2590552520754675e-05,0.9999971132171475,0.0024027898054698234,-0.005239885444243649,-0.002402822792317921,0.9999833848835489
-1.457142857142857,0.0,0.015813184429362633,0.9999948202951798,0.0,0.003218599510783686,-5.999495164625367e-06,0.9999982627356209,0.0018639983225345593,-0.003218593919225405,-0.0018640079775456653,0.9999930830397992
-1.457142857142857,0.04285714285714293,0.0158817186201592,0.9999992737535927,0.0,0.0012051938795908641,-1.6102012974771603e-06,0.9999991074825672,0.0013360507013368498,-0.0012051928039343166,-0.0013360516716395766,0.9999983812368078
-1.457142857142857,0.08571428571428563,0.01592785868386427,0.9999996850964658,0.0,-0.0007936037861945471,6.499306091531173e-07,0.9999996646513235,0.0008189608162080327,0.0007936035200605676,-0.0008189610741017691,0.9999993497478945
-1.457142857142857,0.12857142857142856,0.015952070683709883,0.9999961605454247,0.0,-0.002771081812020129,8.666363603246153e-07,0.9999999510959157,0.0003127417707966903,0.002771081676502911,-0.0003127429715591233,0.9999961116415282
-1.457142857142857,0.17142857142857149,0.01595482068292816,0.9999888582354508,0.0,-0.004720530156602271,-8.619517424971452e-07,0.99999998332928,-0.00018259435068500518,0.004720530077907634,0.00018259638513093583,0.9999888415649164
-1.457142857142857,0.2142857142857144,0.015936574744751134,0.9999779865452683,0.0,-0.00663524113134954,-4.426046828426427e-06,0.9999997775211961,-0.0006670367072168086,0.006635239655149028,0.0006670513913224151,0.9999777640713617
-1.457142857142857,0.2571428571428571,0.015897798932410893,0.9999638019732097,0.0,-0.00850851005072588,-9.704952785473291e-06,0.9999993494960068,-0.0011405758972458924,0.008508504515906117,0.0011406171853373245,0.9999631514927634
-1.457142857142857,0.30000000000000004,0.015838959309139537,0.9999466065601748,0.0,-0.010333635797296443,-1.6567812151998985e-05,0.9999987147301942,-0.0016032041252946195,0.010333622515786367,0.0016032897304483647,0.9999453213589938
-1.457142857142857,0.34285714285714297,0.01576052193816911,0.9999267448615867,0.0,-0.01210392128654702,-2.487435566404113e-05,0.9999978883498825,-0.002054915337008904,0.012103895727300217,0.0020550658811444755,0.9999246333661587
-1.457142857142857,0.3857142857142857,0.01566295288273169,0.9999046004704613,0.0,-0.013812673818171988,-3.447565250700254e-05,0.9999968851283386,-0.0024957053210523878,0.013812630793465746,0.0024959434328816407,0.9999014858959574
-1.457142857142857,0.4285714285714286,0.015546718206059369,0.9998805920938172,0.0,-0.015453205302380455,-4.521486030164264e-05,0.9999957194835369,-0.0029255717765479684,0.015453139154680752,0.0029259211546667037,0.9998763120884817
-1.457142857142857,0.47142857142857153,0.01541228397138422,0.9998551691847068,0.0,-0.017018832351873164,-5.692797386192153e-05,0.9999944054758514,-0.0033445143450625335,0.017018737139604587,0.0033449988039664664,0.9998495754708178
-1.457142857142857,0.5142857142857142,0.015260116241938309,0.9998288071320635,0.0,-0.018502876232490136,-6.944457179617524e-05,0.9999929568059361,-0.0037525346064222415,0.018502745913142094,0.003753177123577901,0.9998217651437444
-1.457142857142857,0.5571428571428569,0.015090681080953714,0.9998020020104084,0.0,-0.019898662668117083,-8.258856008314557e-05,0.9999913868128479,-0.004149636037932757,0.019898491277211442,0.004150457820237048,0.9997933905286498
-1.457142857142857,0.6000000000000001,0.014904444551662514,0.9997752648911876,0.0,-0.02119952149826432,-9.617891184004196e-05,0.9999897084724577,-0.004535823936860881,0.021199303322804935,0.004536843524884109,0.9997649756765129
-1.457142857142857,0.6428571428571428,0.01470187271729678,0.9997491157171503,0.0,-0.022398786189794476,-0.00011003040261025521,0.9999879343962009,-0.004911105306310084,0.022398515934914726,0.0049123377346397545,0.9997370531404215
-1.457142857142857,0.6857142857142859,0.014483431641088597,0.9997240767407103,0.0,-0.02348979320757146,-0.00012395434063246837,0.9999860768301958,-0.005275488704892251,0.02348946615519196,0.005276944736683088,0.9997101574126324
-1.457142857142857,0.7285714285714286,0.01424958738627003,0.9997006655267099,0.0,-0.024465881252334065,-0.00013775929170932103,0.9999841476547616,-0.00562898406086059,0.024465493410737893,0.005630669514353939,0.9996848179266249
-1.457142857142857,0.7714285714285714,0.014000806016073156,0.999679387519375,0.0,-0.025320390377864245,-0.00015125179847087577,0.9999821583843649,-0.005971602451625507,0.02531993862119139,0.0059735176359328205,0.9996615516239845
-1.457142857142857,0.8142857142857145,0.01373755359373005,0.9996607281725972,0.0,-0.026046661003523475,-0.00016423709402397843,0.999980120168,-0.006303355849824739,0.026046143200278565,0.006305495126679045,0.9996408550852641
-1.457142857142857,0.8571428571428572,0.013460296182472792,0.9996451446419791,0.0,-0.026638032842476424,-0.0001765198101911459,0.999978043790017,-0.006624256837364057,0.0266374479722338,0.0066266083248336305,0.9996231962232748
-1.457142857142857,0.8999999999999999,0.013169499845533462,0.9996330570363656,0.0,-0.02708784377041209,-0.00018790468076947733,0.9999759396713985,-0.0069343182890846036,0.027087192027989867,0.006936863722417235,0.9996090055365324
-1.457142857142857,0.9428571428571431,0.012865630646144115,0.9996248392259179,0.0,-0.02738942866431692,-0.00019819724047875087,0.999973817871471,-0.0072335530279500635,0.027388711550775297,0.007236267791776291,0.9995986669198965
-1.457142857142857,0.9857142857142858,0.012549154647536849,0.9996208092031449,0.0,-0.02753611824585731,-0.00020720452051555812,0.9999716880900409,-0.0075219734538826315,0.027535338645756906,0.007524826798952723,0.9995925080288013
-1.457142857142857,1.0285714285714285,0.012220537912943728,0.9996212189927958,0.0,-0.027521237969199967,-0.00021473574188405294,0.9999695596699308,-0.007799591148613555,0.027520400213632272,0.007802546605075385,0.9995907901929455
-1.457142857142857,1.0714285714285716,0.01188024650559683,0.9996262441061312,0.0,-0.02733810699864548,-0.00022060300793041017,0.9999674415998854,-0.008066416459154143,0.02733721691361945,0.008069432457095158,0.9995936978749107
-1.457142857142857,1.1142857142857143,0.01152874648872823,0.9996359725349117,0.0,-0.02698003732727989,-0.00022462199776388992,0.9999653425178056,-0.008322458062739785,0.02697910226711661,0.008325488769312097,0.9996013276689926
-1.457142857142857,1.157142857142857,0.011166503925570009,0.9996503932805109,0.0,-0.0264403330939699,-0.00022661266249867417,0.9999632707142718,-0.00856772251635542,0.026439361959420943,0.008570718897272761,0.9996136768355877
-1.457142857142857,1.2000000000000002,0.010793984879354226,0.9996693844139684,0.0,-0.025712290162443478,-0.00022639992649321747,0.999961234136301,-0.008802213794219815,0.02571129340330765,0.008805124905750611,0.999630631366868
-1.457142857142857,1.2428571428571429,0.010411655413312975,0.9996927006635798,0.0,-0.02478919603291029,-0.00022381439599316214,0.9999592403912777,-0.009025932816891121,0.02478818563497945,0.009028707332663179,0.9996519535802583
-1.457142857142857,1.2857142857142856,0.010019981590678326,0.9997199605278989,0.0,-0.023664330163685156,-0.0002186930777948902,0.9999572967509966,-0.009238876975961936,0.023663319619901684,0.009241464950928235,0.999677269237491
-1.457142857142857,1.3285714285714287,0.009619429474682343,0.9997506329138562,0.0,-0.022330964787571544,-0.0002108801107339205,0.9999554101557444,-0.00944103965864111,0.022329969053329592,0.009443394530418469,0.9997060541888403
-1.457142857142857,1.3714285714285714,0.00921046512855712,0.9997840233022008,0.0,-0.02078236631532743,-0.00020022751295945522,0.9999535872183435,-0.009632409776876929,0.020781401747897332,0.009634490602342201,0.9997376205446237
-1.457142857142857,1.4142857142857141,0.00879355461553472,0.9998192594457357,0.0,-0.01901179742634333,-0.00018659594807649856,0.9999518342280784,-0.009812971306064592,0.019010881708444675,0.009814745228557164,0.9997711023793225
-1.457142857142857,1.4571428571428573,0.008369163998847219,0.9998552766099661,0.0,-0.017012519954676272,-0.0001698555133124535,0.9999501571544138,-0.009982702838803674,0.017011672002271137,0.00998414777851678,0.9998054409778053
-1.457142857142857,1.5,0.007937759341726702,0.9998908023709259,0.0,-0.014777798686746712,-0.0001498865528873494,0.9999485616504163,-0.010141577159631581,0.014777038541171785,0.010142684716755095,0.999839369638288
-1.4142857142857144,-1.5,-0.003024258051390362,0.9995707692288617,0.0,0.029296370137304153,-0.0008466039626781271,0.9995823680967828,0.028885509373355052,-0.029284135038486356,-0.02889791324694233,0.9991533165861083
-1.4142857142857144,-1.457142857142857,-0.0018088548639940175,0.9995240848563335,0.0,0.03084807598714769,-0.000856816080790903,0.9996141905656601,0.02776213042912385,-0.030836174508400618,-0.027775349138399442,0.9991384590345461
-1.4142857142857144,-1.4142857142857144,-0.0006412136485435375,0.9994815533742949,0.0,0.03219665300161835,-0.0008586905273429737,0.9996442874866763,0.02665635282317726,-0.03218520024925852,-0.02667017988794711,0.9991260252789232
-1.4142857142857144,-1.3714285714285714,0.00047940753599909136,0.9994437890945702,0.0,0.03334834988853494,-0.0008531312938504151,0.9996727164891157,0.02556818480587409,-0.03333743552350123,-0.025582414023541205,0.999116687622344
-1.4142857142857144,-1.3285714285714285,0.0015537506306718709,0.9994112589961652,0.0,0.03430940675237787,-0.0008409940246113327,0.9996995344691632,0.024497622561976008,-0.034299097958265315,-0.02451205381314401,0.9991109703617066
-1.4142857142857144,-1.2857142857142856,0.0025825575765128063,0.9993842948584969,0.0,0.035086054069743675,-0.0008230871262535172,0.9997247975288208,0.02344465255747659,-0.03507639830095975,-0.023459096443772035,0.9991092618308941
-1.4142857142857144,-1.2428571428571429,0.003566570314559896,0.9993631049781733,0.0,0.03568451216403018,-0.0008001729102605503,0.9997485609264933,0.022409253640391966,-0.035675539683353116,-0.022423535078255067,0.9991118260449606
-1.4142857142857144,-1.2,0.004506530785851163,0.9993477854689082,0.0,0.03611099110228128,-0.0007729687571660982,0.9997708790377754,0.021391398910172662,-0.03610271731725305,-0.021405359796875436,0.9991188139427046
-1.4142857142857144,-1.157142857142857,0.005403180931424597,0.9993383311461251,0.0,0.03637169094333268,-0.0007421482930848921,0.999791805325108,0.020391057370137338,-0.03636411855096147,-0.02040455843092815,0.9991302742271653
-1.4142857142857144,-1.1142857142857143,0.006257262692318207,0.9993346459992268,0.0,0.036472802272380964,-0.0007083425710122601,0.999811392315076,0.01940819537699067,-0.036465923221581674,-0.019421117295082443,0.9991461638051804
-1.4142857142857144,-1.0714285714285714,0.0070695180095700005,0.9993365532554935,0.0,0.03642050696283609,-0.0006721412508855409,0.9998296915822363,0.018442777901092867,-0.03641430424392111,-0.018455021825242623,0.9991663578282954
-1.4142857142857144,-1.0285714285714285,0.007840688824217987,0.9993438050401783,0.0,0.03622097911180944,-0.0006340937737740462,0.9998467537384688,0.01749476961071541,-0.03621542838217155,-0.017506257128408413,0.9991906593380714
-1.4142857142857144,-0.9857142857142858,0.00857151707730016,0.999356091637638,0.0,0.0358803861008311,-0.0005947105267629265,0.9998626284269349,0.016564135793059168,-0.035875457155750246,-0.016574808450825197,0.9992188085192774
-1.4142857142857144,-0.9428571428571428,0.00926274470985454,0.9993730503583795,0.0,0.035404889738390614,-0.0005544639961338266,0.999877364319832,0.015650843124341483,-0.035400547835656285,-0.01566066157050065,0.9992504915646075
-1.4142857142857144,-0.9,0.00991511366291912,0.9993942740166982,0.0,0.034800647445651964,-0.0005137899073342856,0.9998910091192117,0.014754860300784711,-0.03479685449243486,-0.014763803119946815,0.9992853491545184
-1.4142857142857144,-0.8571428571428571,0.010529365877531916,0.9994193190232473,0.0,0.03407381345121951,-0.00047308835098090665,0.9999036095602081,0.013876158541868364,-0.034070529061355555,-0.013884220844789966,0.9993229845555501
-1.4142857142857144,-0.8142857142857143,0.01110624329473092,0.999447713096401,0.0,0.03323053996513141,-0.0004327248947701573,0.999915211416112,0.013014711976745462,-0.03322772239470593,-0.013021903803676158,0.9993629713401373
-1.4142857142857144,-0.7714285714285715,0.01164648785555415,0.9994789625957178,0.0,0.0322769783063368,-0.0003930316816863205,0.9999258595047797,0.012170497924273537,-0.032274585275180956,-0.01217684251468974,0.9994048607304686
-1.4142857142857144,-0.7285714285714285,0.01215084150103961,0.9995125594802036,0.0,0.03121927996178384,-0.00035430851530925036,0.9999355976959453,0.011343497076674562,-0.031217269368223374,-0.011349029053295483,0.9994481885684415
-1.4142857142857144,-0.6857142857142857,0.012620046172225301,0.9995479878934357,0.0,0.030063597558910894,-0.00031682393334509434,0.9999444689190555,0.01053369359641752,-0.030061928094841366,-0.010538457106614219,0.999492481913212
-1.4142857142857144,-0.6428571428571428,0.013054843810149224,0.9995847303769747,0.0,0.028816085736800508,-0.0002808162707403817,0.9999525151713087,0.0097410751355107,-0.02881471740990574,-0.00974512198864526,0.9995372652672903
-1.4142857142857144,-0.6,0.013455976355849393,0.9996222737128789,0.0,0.027482901904530177,-0.00024649471390274897,0.9999597775256275,0.008965632785999779,-0.027481796474212644,-0.008969020620858007,0.9995820664315924
-1.4142857142857144,-0.5571428571428572,0.013824185750363817,0.9996601143955482,0.0,0.02607020687833813,-0.00021404034764834772,0.999966296138343,0.008207360970088695,-0.026069328211692135,-0.008210151482387927,0.9996264219893487
-1.4142857142857144,-0.5142857142857142,0.014160213934730487,0.9996977637326058,0.0,0.024584165392121875,-0.00018360719653461879,0.9999721102564098,0.007466257277934339,-0.024583479746052704,-0.007468514533890041,0.9996698824183075
-1.4142857142857144,-0.47142857142857153,0.014464802849987423,0.9997347525740536,0.0,0.023030946478499945,-0.0001553232622249702,0.9999772582240136,0.006742322260808331,-0.02303042271387438,-0.0067441111189229215,0.999712016830265
-1.4142857142857144,-0.4285714285714286,0.014738694437172618,0.9997706356685482,0.0,0.021416723720198573,-0.00012929155847612878,0.9999817774884667,0.0060355591869706415,-0.021416333453703574,-0.00603694384656002,0.9997524173366089
-1.4142857142857144,-0.3857142857142857,0.014982630637324097,0.999804995645315,0.0,0.0197476753738703,-0.00010559114524613635,0.9999857046053157,0.005345973767255961,-0.019747393073056733,-0.005347016458749991,0.999790703038295
-1.4142857142857144,-0.34285714285714275,0.015197353391479833,0.999837446619997,0.0,0.018029984370613684,-8.427816329753882e-05,0.9999890752426218,0.0046735738570341445,-0.018029787397408906,-0.004674333685774029,0.9998265236384751
-1.4142857142857144,-0.30000000000000004,0.015383604640677862,0.999867637422556,0.0,0.01626983819943774,-6.538687052224992e-05,0.9999919241843931,0.004018369140868038,-0.016269706807224484,-0.004018901092975196,0.9998595626758848
-1.4142857142857144,-0.2571428571428571,0.015542126325956173,0.9998952544452823,0.0,0.014473428681700687,-4.893068104755706e-05,0.999994285333173,0.0033803708058537975,-0.014473345970877927,-0.0033807249217610753,0.9998895403770411
-1.4142857142857144,-0.2142857142857142,0.015673660388352783,0.9999200241089583,0.0,0.012646951646148704,-3.490320800217858e-05,0.9999961917118104,0.0027595912092892674,-0.012646903482912118,-0.002759811927707293,0.9999162161253401
-1.4142857142857144,-0.17142857142857149,0.015778948768905687,0.9999417149453002,0.0,0.010796606515579673,-2.327931063221913e-05,0.9999976754644491,0.0021560435459729963,-0.010796581418483997,-0.0021561692184138338,0.9999393905452347
-1.4142857142857144,-0.12857142857142856,0.015858733408652893,0.9999601392939272,0.0,0.008928595817362397,-1.401614626410049e-05,0.9999987678567949,0.0015697415200898119,-0.008928584816053728,-0.001569804093589378,0.999958907199836
-1.4142857142857144,-0.08571428571428563,0.01591375624863241,0.9999751546123212,0.0,0.007049124631045711,-7.054227419477733e-06,0.9999994992757231,0.001000699026286939,-0.007049121101377878,-0.001000723889659937,0.999974653900485
-1.4142857142857144,-0.04285714285714293,0.01594475922988224,0.9999866643974675,0.0,0.005164399987093844,-2.3184841999115166e-06,0.9999998992283047,0.0004489298441874578,-0.005164399466668503,-0.0004489358310172629,0.9999865636271162
-1.4142857142857144,0.0,0.01595248429344039,0.9999946187181634,0.0,0.0032806302313825226,2.806681195817531e-07,0.9999999963403327,-8.555264977522951e-05,-0.0032806302193765075,8.55531101606273e-05,0.9999946150585158
-1.4142857142857144,0.04285714285714293,0.015937673380344866,0.9999990143572979,0.0,0.001404024370481821,8.462565156274895e-07,0.9999998183544334,-0.0006027357496868235,-0.0014040241154470187,0.0006027363437695021,0.9999988327119104
