1.8148e-08
5.12906e-07
3.77914e-07
1.97637e-07
1.4416e-07
3.93508e-08
3.56525e-08
1.15298e-07
1.12263e-07
8.4357e-08
1.50747e-07
1.50682e-07
9.24215e-08
5.51321e-08
6.07816e-08
7.60705e-08
8.7327e-08
5.00877e-08
8.52027e-08
1.04728e-07
5.94521e-08
4.86133e-08
2.15409e-08
4.33157e-08
7.12324e-08
2.1449e-07
1.20696e-07
1.00388e-07
9.25309e-08
8.51374e-08
1.59295e-08
1.60709e-08
1.38975e-07
1.10127e-07
2.84281e-08
6.9448e-08
5.80449e-08
1.16787e-07
1.33724e-07
1.31541e-07
1.40692e-07
1.29314e-07
7.78861e-08
4.06369e-08
2.18176e-08
3.41676e-08
8.17046e-08
1.123e-07
8.88823e-08
9.87928e-08
1.07967e-07
3.22255e-08
5.95193e-08
4.97857e-08
3.78421e-08
5.26719e-08
6.68933e-08
1.2156e-07
1.22728e-07
7.03902e-08
6.9154e-08
1.14875e-07
1.04665e-07
7.33725e-07
1.27773e-06
1.46027e-08
6.13122e-07
7.48971e-07
6.40126e-07
7.09555e-07
7.46706e-07
8.21411e-07
8.6568e-07
8.7341e-07
8.85972e-07
9.84779e-07
9.95085e-07
9.77546e-07
9.60082e-07
1.06685e-06
1.04465e-06
1.0945e-06
9.9954e-07
1.03733e-06
1.0319e-06
1.00681e-06
1.06685e-06
1.07993e-06
1.21556e-06
1.15699e-06
1.22022e-06
1.2148e-06
1.23581e-06
1.21671e-06
1.21312e-06
1.24577e-06
1.19139e-06
1.24936e-06
1.17197e-06
1.12621e-06
1.14627e-06
1.18535e-06
1.13813e-06
1.15171e-06
1.09305e-06
1.05936e-06
1.09874e-06
1.00011e-06
1.03942e-06
9.72604e-07
9.90325e-07
9.96269e-07
1.08454e-06
9.53958e-07
9.0797e-07
9.19827e-07
8.99627e-07
7.69445e-07
8.0964e-07
7.3414e-07
7.37155e-07
8.00052e-07
7.93769e-07
8.91968e-07
8.33378e-07
7.15451e-07
7.24672e-07
6.81582e-07
1.07858e-06
1.77906e-06
2.45599e-06
1.14585e-06
3.14435e-07
5.58224e-07
4.08796e-07
2.79194e-07
3.71083e-07
3.64352e-07
4.66577e-07
4.79938e-07
5.25492e-07
5.59914e-07
4.9996e-07
5.71784e-07
5.14685e-07
6.17612e-07
5.95171e-07
6.16435e-07
5.22276e-07
5.74833e-07
5.16772e-07
5.87884e-07
6.07195e-07
6.11579e-07
6.87383e-07
6.73104e-07
6.82281e-07
6.68849e-07
7.00295e-07
7.18097e-07
7.0861e-07
6.95107e-07
6.23969e-07
6.26471e-07
6.26004e-07
6.07688e-07
5.83407e-07
6.19728e-07
6.2678e-07
5.49069e-07
6.01554e-07
5.64666e-07
5.24841e-07
5.24844e-07
5.84665e-07
5.25593e-07
6.20678e-07
5.72319e-07
5.482e-07
5.16772e-07
4.5231e-07
5.30554e-07
4.48408e-07
4.39876e-07
4.25452e-07
4.08962e-07
3.35589e-07
4.03732e-07
4.17071e-07
4.50438e-07
3.90688e-07
3.53865e-07
3.53976e-07
2.92086e-07
6.38772e-07
1.26634e-06
1.8581e-06
6.86717e-07
9.21093e-08
3.00792e-07
1.13066e-07
1.04877e-07
9.17305e-08
7.16626e-08
1.04433e-07
1.18323e-07
1.23333e-07
9.18324e-08
5.19107e-08
4.84306e-08
2.12164e-08
3.44281e-08
8.5151e-08
4.4748e-08
2.42123e-08
4.38972e-08
6.31613e-09
1.49883e-08
4.05056e-08
7.82406e-08
9.39534e-08
1.86809e-07
1.24833e-07
1.23821e-07
1.11188e-07
1.68581e-07
1.30542e-07
1.06341e-07
2.54522e-08
8.89138e-08
9.40473e-08
3.07534e-08
4.10543e-08
5.83835e-08
6.37144e-08
2.46325e-08
1.51907e-07
1.45882e-07
9.28893e-08
6.94332e-08
7.50523e-08
2.0765e-08
7.6406e-08
1.01437e-07
1.25549e-07
6.28466e-08
8.10522e-08
8.03556e-08
1.24917e-08
4.59725e-08
7.32987e-08
2.10239e-08
5.10971e-08
2.90979e-08
3.15479e-08
1.09925e-07
3.27129e-08
4.45416e-08
1.68682e-07
1.65077e-07
9.67639e-08
7.18221e-07
1.23316e-06
1.04034e-07
6.73943e-08
3.00925e-07
6.34943e-08
1.4627e-07
2.24041e-07
1.94615e-07
1.50021e-07
2.04607e-07
4.82905e-08
8.75137e-08
1.28599e-07
9.3135e-08
1.57725e-07
1.02303e-07
1.32011e-07
1.68079e-07
1.82756e-07
1.70438e-07
1.68399e-07
1.55656e-07
1.76932e-07
1.44714e-07
9.10224e-08
1.17017e-07
1.73911e-07
9.61105e-08
1.7947e-07
2.12271e-07
1.56988e-07
1.72724e-07
1.76103e-07
1.41428e-07
2.13482e-07
2.25566e-07
1.8985e-07
2.166e-07
1.88556e-07
2.0944e-07
2.54929e-07
2.04063e-07
1.73921e-07
1.8565e-07
2.07166e-07
9.35632e-08
1.62996e-07
1.90633e-07
1.43685e-07
1.46472e-07
1.48713e-07
1.16974e-07
8.07594e-08
1.54014e-07
1.51932e-07
1.0156e-07
1.00924e-07
6.14239e-08
6.70988e-08
1.04335e-07
1.18627e-07
1.81557e-07
3.02237e-07
3.27825e-07
1.0757e-07
4.13216e-07
9.01726e-07
2.03556e-07
8.36784e-08
3.83892e-07
1.39477e-07
2.44014e-08
1.25338e-07
1.71175e-07
1.06956e-07
1.21618e-07
8.4314e-08
6.565e-08
9.31054e-08
3.02049e-08
1.04189e-07
7.12685e-08
1.12283e-07
1.18899e-07
9.87476e-08
9.61202e-08
9.91357e-08
1.05139e-07
7.8911e-08
1.27999e-07
9.75715e-08
1.28987e-07
1.35261e-07
9.56359e-08
1.78445e-07
8.88035e-08
1.09574e-07
7.8689e-08
1.09913e-07
1.65354e-07
1.23997e-07
1.72069e-07
1.20003e-07
1.4573e-07
1.42913e-07
1.43676e-07
1.29741e-07
1.36263e-07
1.33183e-07
1.63812e-07
5.39917e-08
1.17353e-07
1.15452e-07
1.14823e-07
1.226e-07
1.26424e-07
3.89891e-08
1.13374e-07
5.06997e-08
7.41975e-08
1.81813e-07
1.43557e-07
1.12379e-07
3.33963e-08
4.30304e-08
7.12709e-08
5.56849e-08
1.57538e-07
2.55755e-07
3.17669e-07
7.09112e-08
4.16758e-07
9.46835e-07
1.90503e-07
2.01812e-08
4.22232e-07
1.46681e-07
7.46487e-08
1.10543e-07
7.11311e-08
5.82002e-08
3.43525e-08
5.14507e-08
5.54788e-08
5.80673e-08
6.07182e-08
8.66717e-08
1.50029e-08
7.98125e-09
2.24009e-08
8.77007e-08
7.07396e-08
2.59046e-08
6.12388e-08
5.40534e-08
9.15669e-08
8.04141e-08
4.48631e-08
2.46604e-08
1.08687e-07
6.22783e-08
8.38175e-08
3.07085e-08
7.53996e-08
8.6486e-08
1.18074e-08
6.03484e-08
1.07896e-07
8.31418e-08
8.84005e-08
1.05421e-07
8.1038e-08
3.83807e-08
1.17188e-07
8.11945e-08
5.28905e-08
5.36734e-08
2.71737e-08
3.27316e-08
1.15552e-07
5.16847e-08
4.78239e-08
9.41714e-08
7.25092e-08
3.5171e-08
9.64244e-08
1.1268e-07
4.77546e-08
7.21874e-08
1.63889e-08
4.5737e-08
5.8322e-08
4.55006e-08
4.01717e-08
2.29661e-07
2.01998e-07
4.79025e-08
5.08238e-07
9.3553e-07
1.88484e-08
1.27965e-07
4.49712e-07
2.48888e-07
9.92499e-08
4.17761e-08
2.61949e-08
1.04061e-07
1.37121e-07
1.46129e-07
1.14729e-07
7.53031e-08
4.23364e-08
8.46012e-08
7.95181e-08
7.92833e-08
9.19533e-08
2.50584e-08
5.85527e-08
8.26232e-08
1.17828e-07
5.61408e-08
9.11659e-08
1.89677e-08
7.99081e-08
6.6506e-08
1.00914e-07
9.40511e-08
2.37888e-08
9.75124e-08
6.32181e-08
7.78085e-08
7.06429e-09
6.9881e-08
5.16529e-08
4.12753e-08
6.40559e-08
1.11061e-07
1.04973e-07
3.32235e-08
1.06239e-07
1.10342e-07
1.01245e-07
4.92479e-08
8.64561e-08
4.29359e-08
4.64009e-08
9.5774e-09
3.51028e-08
1.04597e-07
6.61333e-08
5.7421e-08
6.33209e-08
3.21149e-08
1.02576e-07
1.78001e-08
4.75967e-08
8.36776e-08
1.58127e-07
7.77148e-08
9.77528e-08
1.15723e-07
8.15111e-08
1.04481e-07
5.25513e-07
8.90019e-07
4.44254e-08
5.44344e-08
3.34812e-07
2.50036e-07
5.88085e-08
2.2281e-08
1.16169e-07
8.61255e-08
1.76134e-07
1.3261e-07
9.23104e-08
5.42685e-08
8.90875e-08
1.10762e-07
1.26631e-07
1.11937e-07
7.2416e-08
9.95908e-08
1.10665e-07
6.41781e-08
8.67185e-08
5.32101e-08
5.03092e-08
7.48393e-08
7.44525e-08
1.0303e-07
3.86958e-08
9.08811e-08
6.22072e-08
7.46227e-08
8.88274e-08
1.30697e-07
5.31992e-08
1.11737e-07
1.01419e-07
3.77114e-08
5.42039e-08
1.49364e-07
1.04246e-07
1.56767e-07
1.0011e-07
8.54253e-08
7.88516e-08
1.11205e-07
8.5142e-08
4.28587e-08
1.13736e-07
1.17611e-07
4.42445e-08
1.31612e-07
2.51251e-08
5.19896e-08
2.01488e-08
6.19948e-08
3.8129e-08
7.42531e-08
8.81558e-08
8.21284e-08
1.14379e-07
2.57139e-08
7.43604e-08
1.29713e-07
4.91923e-08
1.31093e-07
4.73607e-07
8.99604e-07
4.97651e-08
2.16327e-08
3.62778e-07
1.50327e-07
3.56566e-08
8.68371e-08
1.0391e-07
1.28556e-07
1.38076e-07
7.57852e-08
5.53956e-08
3.7966e-08
3.65398e-08
3.34283e-08
7.76202e-08
1.31626e-07
5.56956e-09
2.4227e-08
1.54577e-08
1.87887e-08
4.32875e-08
4.05481e-08
2.67496e-08
4.95477e-08
3.87503e-08
6.06494e-08
6.74283e-08
7.5899e-08
3.77511e-08
1.19844e-07
8.77182e-08
8.04774e-08
8.99465e-08
5.95694e-08
8.79931e-09
9.60701e-08
3.70691e-08
5.66313e-08
7.8352e-08
8.46165e-08
9.21638e-08
8.52e-08
2.24623e-08
8.87747e-08
4.91888e-08
3.5596e-08
2.56302e-08
5.20582e-08
1.64102e-08
8.80027e-08
6.9606e-09
7.70314e-08
1.13166e-07
4.76112e-08
1.12735e-07
2.69745e-08
1.10453e-07
5.11648e-08
4.13853e-08
2.27279e-08
7.28286e-08
9.08622e-08
6.96239e-08
7.50918e-08
4.36002e-07
7.58726e-07
4.74268e-08
7.14762e-08
3.2923e-07
7.88067e-08
8.00446e-08
5.75578e-08
1.6183e-07
1.36575e-07
1.11701e-07
1.36433e-07
3.99226e-08
6.42476e-08
9.15524e-08
9.82526e-08
6.88195e-08
2.83474e-08
7.04274e-08
6.17077e-08
9.49967e-08
5.40536e-08
6.63876e-08
8.10488e-08
1.07505e-07
3.54725e-08
8.45682e-08
1.37488e-08
8.74791e-08
7.59557e-08
5.02564e-08
4.71262e-08
3.93815e-08
3.32751e-08
1.37344e-08
5.67462e-08
9.7841e-09
9.72452e-08
1.47212e-08
4.5214e-08
4.81668e-08
6.79465e-08
3.363e-08
3.2785e-08
2.33774e-08
4.9755e-08
7.74187e-08
1.26012e-07
3.18565e-08
5.15542e-08
3.93417e-08
8.99435e-08
7.27767e-08
3.02753e-08
7.88606e-08
4.12081e-08
9.50521e-08
8.32059e-08
4.18587e-08
3.35047e-08
5.44487e-08
4.87879e-08
8.67248e-08
7.33884e-08
7.21347e-08
9.78991e-08
3.64276e-07
7.14253e-07
6.92931e-08
1.30237e-07
2.85754e-07
1.31936e-07
5.18718e-08
7.48509e-08
7.8444e-08
1.1945e-07
9.06574e-08
1.80625e-08
4.70126e-08
1.16741e-07
5.16524e-08
1.00603e-07
7.35939e-08
9.72521e-08
2.753e-08
5.4363e-08
9.98929e-08
5.72291e-08
1.63997e-08
1.2512e-07
4.77126e-08
1.08722e-07
4.43211e-08
1.28044e-08
5.1437e-08
5.58185e-08
4.74722e-08
9.41407e-08
7.04219e-08
6.84706e-08
7.39372e-08
8.53624e-08
7.6883e-08
4.65647e-08
8.65969e-08
1.01252e-07
7.9411e-08
6.71864e-08
7.07511e-08
5.51263e-08
1.76455e-08
4.37162e-08
1.70104e-08
3.07886e-09
4.88847e-08
1.45919e-08
1.12023e-08
1.10347e-07
7.3434e-08
6.59523e-08
5.02494e-08
7.38307e-08
4.14814e-08
7.85719e-08
2.90618e-08
5.62735e-08
5.06437e-08
1.1252e-08
1.62026e-07
3.49573e-08
1.26124e-07
8.67662e-08
3.33605e-07
6.66529e-07
8.31789e-08
2.1663e-08
2.77388e-07
9.01777e-08
3.22026e-08
3.98804e-08
1.0803e-07
8.41158e-08
9.85373e-08
4.29365e-09
6.67804e-08
7.88711e-08
3.20094e-08
4.62385e-08
1.03106e-07
5.90806e-08
6.40712e-08
9.69412e-08
5.49982e-08
4.94559e-08
1.30857e-07
8.84012e-08
1.98939e-08
7.89013e-08
7.4756e-08
7.07107e-08
2.26825e-08
2.99457e-08
6.68871e-08
5.10522e-08
5.70771e-08
3.03677e-08
1.88552e-08
4.80829e-08
5.39924e-08
2.99351e-08
4.83291e-08
6.70049e-08
5.08889e-08
3.73771e-08
5.18243e-08
5.86008e-08
6.33239e-08
5.42731e-08
7.19083e-08
5.23455e-08
3.66108e-08
2.27121e-08
1.10773e-08
4.81833e-08
1.10759e-08
6.98922e-08
4.76868e-08
3.42595e-08
7.78547e-08
6.7266e-08
1.87435e-08
7.24491e-08
5.55245e-08
7.82233e-09
9.14647e-08
1.49865e-07
1.35021e-07
4.31141e-08
2.3861e-07
5.32963e-07
2.25359e-08
6.36444e-08
3.00332e-07
9.73349e-08
6.93547e-08
9.09467e-08
1.11919e-07
2.05673e-08
2.95758e-08
5.45961e-08
6.38499e-08
4.40088e-08
6.67958e-08
9.51415e-08
1.06828e-07
5.36553e-08
4.97246e-08
3.98325e-08
6.44941e-08
5.00827e-08
4.26922e-08
4.28828e-08
3.62866e-08
1.00671e-08
4.74735e-08
5.17963e-08
3.47198e-08
3.7876e-08
7.07039e-09
7.2236e-08
4.08725e-08
3.79081e-08
9.64338e-08
4.39702e-08
8.3724e-08
7.42193e-08
6.42294e-08
7.13386e-08
7.28066e-08
2.72742e-08
4.93902e-08
2.77182e-08
7.18492e-09
2.11578e-08
3.76933e-08
4.53137e-08
6.76298e-08
2.0802e-08
2.9977e-08
1.65894e-08
4.36764e-08
4.0816e-08
2.37431e-08
2.64987e-08
4.46803e-08
5.60807e-08
1.60845e-09
5.49186e-08
2.29958e-08
2.06905e-08
4.99378e-08
1.25798e-07
1.2854e-07
9.14239e-08
2.65399e-07
4.22275e-07
1.04216e-07
1.09994e-07
3.23242e-07
7.7219e-08
5.00588e-08
1.12908e-07
4.69137e-08
9.25953e-08
6.48699e-08
8.58738e-08
3.7864e-08
1.26252e-07
5.89162e-08
6.3856e-08
1.42772e-08
2.40729e-08
2.94747e-08
5.70972e-08
2.98183e-08
3.14461e-08
5.36549e-08
5.76898e-08
1.06341e-08
5.67228e-08
3.5146e-08
7.74311e-08
1.16349e-07
3.70769e-08
8.64893e-08
2.76354e-08
2.8083e-08
1.11219e-07
3.82458e-08
8.07855e-08
4.8559e-08
1.68129e-08
1.16249e-07
4.3031e-08
8.23842e-08
2.21311e-08
9.5466e-08
6.87559e-08
3.34861e-08
8.20545e-08
3.39972e-08
5.25488e-08
8.61382e-08
3.18205e-08
3.36523e-08
6.05369e-08
2.01781e-08
2.1923e-08
1.15962e-07
9.41121e-08
2.75206e-08
1.54925e-08
8.86011e-08
5.71528e-08
1.87345e-08
4.92167e-08
3.6629e-08
3.2575e-08
4.94859e-08
8.54918e-08
2.33061e-07
3.4322e-07
7.61627e-08
5.38836e-08
3.26142e-07
1.51586e-07
1.66805e-08
1.30349e-07
7.15385e-08
5.05407e-08
8.00865e-08
4.81681e-08
2.81442e-08
5.70243e-08
4.29488e-08
1.54507e-08
1.256e-07
6.81464e-08
6.96128e-08
9.97777e-08
3.4843e-08
1.22132e-07
1.51523e-07
1.14312e-07
6.90527e-08
6.02276e-08
1.12639e-07
9.11724e-08
9.69422e-08
3.82681e-08
1.60397e-07
7.7262e-08
8.50409e-08
5.48209e-08
1.95607e-08
3.20998e-08
9.06184e-08
8.29515e-08
7.37334e-08
5.54192e-08
4.13127e-08
7.60126e-08
4.91569e-08
6.45358e-08
1.20622e-07
6.51243e-08
8.86263e-08
1.24876e-08
1.00655e-07
5.00234e-08
2.33491e-08
1.19784e-07
6.26516e-08
2.07175e-08
1.44248e-08
5.56216e-08
4.89848e-08
3.91252e-08
1.12951e-07
5.20761e-08
8.39035e-08
7.63657e-08
5.74993e-08
2.32076e-08
4.20388e-08
3.58371e-08
2.03723e-07
3.30914e-07
6.71159e-08
2.86625e-08
3.90165e-07
2.22006e-07
6.60038e-08
8.76853e-08
1.16576e-07
9.1644e-08
1.2603e-07
8.12296e-08
7.89692e-08
1.57593e-08
6.84083e-08
7.59421e-08
1.20984e-07
1.13239e-07
7.57223e-08
2.9684e-08
6.02774e-08
7.11987e-08
4.00616e-08
4.69711e-08
7.64751e-08
9.13122e-08
1.19495e-07
1.17766e-07
1.99612e-07
1.54096e-07
1.2265e-07
1.12494e-07
1.00737e-07
5.26217e-08
1.05861e-07
7.85793e-08
1.11926e-07
8.54234e-08
1.12965e-07
1.18169e-07
9.61794e-08
1.27886e-07
1.17961e-07
7.39951e-08
1.44713e-07
9.64268e-08
6.86525e-08
1.38404e-07
8.89794e-08
2.90358e-08
3.50964e-08
1.13165e-07
1.07125e-07
1.34881e-07
9.20455e-08
4.47639e-08
6.20367e-08
7.10293e-08
9.71335e-08
1.11406e-07
9.36799e-08
1.59373e-07
4.39577e-08
7.11983e-08
4.33091e-08
6.41004e-08
2.01318e-07
3.38094e-07
1.13417e-07
9.40727e-08
4.52538e-07
2.01862e-07
1.10225e-07
1.02527e-07
7.1819e-08
5.05169e-08
5.12673e-08
7.51026e-08
5.63692e-08
9.2884e-08
9.34593e-08
4.67302e-08
1.60841e-07
7.58702e-08
1.44621e-07
8.93908e-08
1.0564e-07
4.36581e-08
5.24223e-08
1.64537e-08
4.90973e-08
7.73619e-08
9.35026e-08
1.63236e-07
1.29999e-07
1.17257e-07
1.29044e-07
1.2211e-07
8.20332e-08
9.69803e-08
4.99421e-08
1.06503e-07
3.09468e-08
9.63106e-08
7.56773e-08
1.64881e-07
8.84081e-08
4.35001e-08
7.63129e-08
1.50263e-07
5.05253e-08
1.12294e-07
9.39058e-08
9.12228e-08
1.11754e-07
1.28529e-07
7.22876e-08
5.43297e-08
1.43155e-07
8.54029e-08
3.0393e-08
4.68379e-08
7.06392e-08
4.53413e-08
7.64126e-08
8.50458e-08
1.4154e-07
1.77266e-07
7.59071e-08
6.99067e-08
7.08228e-08
8.96497e-08
1.92379e-07
3.40021e-07
5.70997e-08
3.87922e-08
4.73045e-07
2.72354e-07
5.1944e-08
9.26825e-08
8.23244e-08
4.37318e-08
8.2872e-08
5.10393e-08
7.76963e-08
5.32882e-08
4.96728e-08
3.1656e-08
3.99292e-08
8.54121e-08
5.18375e-08
2.54232e-08
1.44555e-08
6.16284e-08
4.15218e-08
2.70581e-08
1.89449e-09
5.50686e-08
9.70297e-08
1.16465e-07
1.10569e-07
1.19086e-07
9.04578e-08
7.15565e-08
1.14557e-07
7.85087e-08
9.91796e-08
5.98681e-08
9.48593e-08
1.50201e-07
6.97614e-08
1.34677e-07
5.39174e-08
7.48378e-08
1.60695e-07
1.0989e-07
8.01474e-08
9.38161e-08
6.99389e-08
5.28051e-08
1.42207e-07
6.24891e-08
9.47395e-08
4.39161e-08
1.95536e-08
4.97654e-08
2.93327e-08
4.34447e-08
2.21984e-08
5.82932e-08
1.36e-07
1.66463e-07
5.23245e-08
1.22413e-07
6.04929e-08
2.34746e-08
9.32976e-08
1.24036e-07
1.93204e-07
3.39472e-07
8.65814e-08
8.09716e-08
5.39086e-07
3.31943e-07
1.00852e-07
1.77664e-08
4.21326e-08
1.07007e-08
1.00114e-07
8.18837e-08
8.84211e-08
1.02633e-07
9.63047e-08
6.44691e-08
5.14074e-08
7.37432e-08
3.92472e-08
6.77374e-08
3.48748e-08
7.68769e-08
7.09985e-08
2.17949e-08
1.09924e-07
4.61881e-08
7.9766e-08
8.40633e-08
1.33299e-07
9.25211e-08
5.18099e-08
6.20555e-08
3.32448e-08
3.57219e-08
3.23429e-08
6.71367e-08
3.50941e-08
2.0728e-08
3.62074e-08
1.31053e-07
5.17896e-08
6.00359e-08
5.9821e-08
8.12619e-08
4.83447e-08
6.44159e-08
6.04616e-08
5.22385e-08
1.10214e-07
3.58005e-08
7.7017e-08
7.59117e-08
5.23847e-08
7.07557e-08
5.3666e-08
5.70999e-08
4.89925e-08
5.72174e-08
5.72818e-08
2.75524e-08
2.38929e-08
3.89628e-08
8.81265e-08
5.07463e-08
8.21841e-08
8.80236e-08
1.51656e-07
3.40049e-07
4.83407e-08
6.88586e-08
5.52137e-07
2.8828e-07
9.66335e-08
7.90879e-08
6.47205e-08
7.02261e-08
9.90071e-08
7.3948e-08
2.96377e-08
1.14085e-07
2.84641e-08
3.93381e-08
8.9581e-08
1.46106e-08
2.69385e-08
3.04931e-08
5.47964e-09
3.16872e-08
4.13967e-08
1.13098e-07
1.29799e-07
1.28326e-07
3.91362e-08
9.47398e-08
5.75252e-08
1.08862e-07
4.6443e-08
5.18428e-08
7.25267e-08
4.36209e-08
2.81743e-08
1.02843e-07
5.07028e-08
1.28119e-07
4.51242e-08
7.40676e-08
1.23457e-07
4.06346e-08
4.11773e-08
8.15911e-08
4.73118e-08
7.16672e-08
5.58784e-08
5.14278e-08
3.13351e-08
1.25623e-07
4.24021e-08
4.71774e-08
4.24566e-08
2.80808e-08
8.20996e-08
6.67149e-08
2.36276e-08
5.35709e-08
3.87515e-08
1.29466e-07
3.00198e-08
6.35025e-08
4.60409e-08
1.37565e-08
4.35451e-08
7.03226e-08
2.04178e-07
3.14953e-07
8.61576e-08
4.38901e-08
5.16232e-07
2.73755e-07
1.29629e-07
5.6436e-08
7.20303e-08
8.34512e-08
9.85621e-08
1.00176e-07
1.00136e-07
7.66867e-08
6.38502e-08
4.97507e-08
4.01483e-08
4.04243e-08
2.0615e-08
3.04883e-08
7.90851e-08
1.15434e-07
6.98503e-08
1.36636e-07
7.5824e-08
8.96285e-08
3.86298e-08
5.29673e-08
1.54754e-07
6.37875e-08
3.61113e-08
3.36688e-08
2.18462e-08
7.68679e-08
5.46345e-08
3.07332e-08
6.21295e-08
2.66195e-08
6.46686e-08
5.82913e-08
2.16869e-08
7.04305e-08
8.2905e-08
3.82363e-08
1.14349e-08
4.10053e-08
2.96427e-08
4.98605e-08
3.52078e-08
3.84732e-08
6.30229e-08
2.0573e-08
7.0156e-08
1.01101e-07
6.36807e-08
1.11166e-07
8.20994e-08
7.38733e-08
5.95184e-08
5.92288e-08
2.58118e-08
3.95859e-08
6.29143e-08
7.28264e-08
4.98267e-08
8.53604e-08
1.29568e-07
2.38187e-07
6.12114e-08
8.12149e-08
4.71854e-07
2.86811e-07
7.28266e-08
7.86332e-08
4.63414e-08
5.81169e-08
7.78974e-08
9.66365e-08
1.04103e-07
4.54238e-08
8.25541e-08
5.90777e-08
1.23194e-08
3.67312e-08
3.764e-08
1.46664e-07
4.27544e-08
8.62275e-08
5.05039e-08
1.23836e-07
7.40107e-08
5.07782e-08
4.68883e-08
6.33896e-08
9.07572e-08
5.70448e-08
1.25942e-08
2.03346e-08
8.87248e-08
3.92172e-08
4.1071e-08
6.88314e-08
5.7929e-08
5.38131e-08
4.39304e-08
1.3849e-08
2.46388e-08
7.45881e-08
5.05801e-08
3.24262e-08
7.40625e-08
5.76881e-08
6.8193e-08
1.06351e-07
4.98943e-08
3.04611e-08
7.87609e-08
2.84342e-08
3.89336e-08
5.10268e-08
7.56947e-08
3.48673e-08
6.03563e-08
7.35552e-08
2.90956e-08
7.72965e-08
7.25329e-09
2.35017e-08
5.43597e-08
2.55417e-08
1.20529e-07
9.11655e-08
2.09901e-07
2.82892e-07
6.50147e-08
6.64924e-08
4.70846e-07
2.40933e-07
9.73644e-08
6.6771e-08
9.92876e-08
7.4993e-08
2.87987e-08
5.14731e-08
3.20359e-08
9.73246e-08
1.03832e-07
5.59885e-08
4.4142e-08
4.80816e-08
6.01972e-08
1.12808e-07
1.50245e-08
6.55864e-08
4.32812e-08
2.99565e-08
5.41767e-08
2.1593e-08
8.27007e-08
5.26958e-08
6.63691e-08
2.5118e-08
1.20583e-08
6.82363e-08
5.37084e-08
4.54293e-08
4.03412e-08
1.46977e-08
9.22325e-08
3.33395e-08
3.07828e-08
5.18235e-08
6.58989e-08
6.02688e-08
3.2413e-08
5.38224e-08
5.89937e-08
6.38059e-08
3.76291e-08
6.08508e-08
5.32519e-08
4.03168e-08
2.0063e-08
3.84236e-08
8.83186e-08
6.82189e-08
2.57412e-08
2.66925e-08
3.04169e-08
2.36672e-08
4.17606e-08
3.68776e-08
1.11394e-08
8.55711e-08
3.69608e-08
6.63723e-08
9.20106e-08
1.16605e-07
1.69812e-07
3.14242e-07
4.26886e-08
1.07167e-07
5.25304e-07
2.37273e-07
1.17739e-07
2.82536e-08
3.38226e-08
4.28668e-08
9.01145e-08
7.02501e-08
7.9044e-08
2.48469e-08
6.79768e-08
8.80096e-08
3.9079e-08
5.8053e-08
4.9896e-08
3.66888e-08
3.11467e-08
4.60782e-08
4.38233e-08
8.03479e-08
1.09996e-07
9.2411e-08
6.91929e-08
5.73548e-08
6.94305e-08
4.9619e-08
4.43672e-08
6.8748e-08
3.75049e-08
2.68097e-08
5.33988e-08
1.41098e-08
6.58995e-08
2.72108e-08
5.47691e-08
3.53212e-08
1.88836e-08
7.31981e-08
1.36612e-08
2.53314e-08
3.7447e-08
6.25828e-08
4.38517e-08
3.20295e-08
6.17253e-08
8.43814e-08
4.01183e-08
5.08406e-08
4.40966e-08
4.63668e-08
9.74527e-08
5.78887e-08
4.97534e-08
1.08768e-07
9.33554e-09
4.05542e-08
6.66446e-08
3.32684e-08
4.40555e-08
3.05896e-08
4.60195e-08
3.34737e-08
1.59763e-07
2.53283e-07
4.3577e-08
6.7328e-08
4.95123e-07
2.8921e-07
2.13561e-08
4.73987e-08
3.36318e-08
3.51762e-08
4.9844e-08
1.14986e-07
1.01874e-07
8.97425e-08
3.39672e-08
7.14331e-08
1.0069e-07
9.26683e-08
2.9171e-08
1.55513e-07
8.15915e-08
7.11382e-08
6.75651e-08
1.02057e-07
1.10617e-07
7.99851e-08
8.91608e-08
1.33165e-07
1.49887e-07
1.113e-07
1.10706e-07
6.50342e-08
3.94309e-08
5.81884e-08
3.6072e-08
2.18853e-08
8.16741e-08
1.33372e-07
1.03514e-07
6.42106e-08
6.65284e-08
1.3474e-08
1.11711e-07
6.09474e-08
2.66677e-08
6.78474e-08
1.061e-07
7.12835e-08
5.46833e-08
1.11052e-07
1.09415e-07
1.8836e-08
1.03898e-07
6.51887e-08
1.29673e-07
7.052e-08
7.77701e-08
8.18268e-08
2.77475e-08
4.06505e-08
9.73071e-08
3.9667e-08
1.20377e-07
4.10677e-08
1.14446e-07
9.31396e-08
1.65111e-07
2.2269e-07
4.866e-08
4.3656e-08
4.62908e-07
2.6547e-07
4.40663e-08
1.49572e-07
5.67938e-08
3.4542e-08
2.61362e-08
3.39329e-08
1.00258e-07
3.11625e-08
3.4703e-08
4.61952e-08
3.14408e-08
7.23158e-08
7.90641e-08
3.04383e-08
8.92027e-08
2.52331e-08
7.41423e-08
5.74173e-08
5.8788e-08
3.71234e-08
8.92131e-08
7.3671e-08
6.41345e-08
1.01268e-07
1.83772e-08
2.32257e-08
4.82654e-08
1.51393e-08
1.04246e-07
7.26416e-08
7.78006e-08
1.10888e-07
1.34578e-07
3.87661e-08
3.75377e-08
1.09973e-07
8.66062e-08
6.55629e-08
2.21335e-08
1.76815e-08
8.06177e-08
4.75247e-08
7.35926e-08
3.9961e-08
1.4234e-08
4.32858e-08
4.6396e-08
3.57096e-08
5.79782e-08
4.81638e-09
4.1826e-08
8.39449e-08
1.24979e-07
1.48386e-07
4.73935e-08
5.32816e-08
6.21949e-08
5.65744e-08
5.25229e-08
4.61691e-08
1.58128e-07
2.79356e-07
4.25061e-08
3.81256e-08
5.06768e-07
2.4882e-07
2.58316e-08
7.4924e-08
4.97142e-08
2.79878e-08
7.43126e-08
8.24274e-08
7.23456e-08
5.87111e-08
6.14897e-08
7.87025e-08
9.88825e-08
6.78927e-08
7.98864e-08
4.42485e-08
1.1181e-07
6.20113e-08
1.02881e-07
2.28642e-08
5.25114e-08
8.22552e-08
9.87935e-08
1.15847e-07
7.51805e-08
8.42857e-08
1.07115e-07
6.11536e-08
8.09954e-08
4.95374e-08
3.71914e-08
4.6814e-08
6.06061e-08
7.09807e-08
1.37266e-08
7.96146e-08
4.94065e-08
5.40776e-08
4.23752e-08
4.54347e-08
5.51253e-08
3.14518e-08
3.31679e-08
5.04963e-08
3.18934e-08
9.74805e-08
8.03255e-08
3.26526e-08
4.24319e-08
1.23889e-08
2.64047e-08
5.75989e-08
7.86319e-08
2.73482e-08
8.19465e-08
1.39088e-07
5.94612e-08
1.34909e-07
1.09815e-07
8.25394e-09
3.68027e-08
1.00223e-07
1.30409e-07
2.58185e-07
1.29509e-08
7.03745e-08
4.76854e-07
1.75853e-07
4.95611e-08
5.25998e-08
6.40787e-08
1.19079e-07
8.62916e-08
1.06686e-07
7.42881e-08
2.376e-08
5.98749e-08
6.08115e-08
9.01664e-08
7.13239e-08
1.17508e-07
1.0692e-07
7.92348e-08
1.38895e-07
1.01539e-07
1.44506e-07
1.0097e-07
1.03691e-07
1.23156e-07
2.50649e-08
1.47961e-07
1.16787e-07
7.04979e-08
1.4344e-08
3.62472e-08
3.19576e-08
8.91501e-08
5.9157e-08
7.13804e-08
6.97748e-08
4.61073e-08
9.19734e-08
1.17166e-07
8.59783e-08
4.35063e-08
1.12898e-07
2.42444e-08
8.28313e-08
1.34044e-07
5.87713e-08
3.79162e-08
1.04772e-07
1.00758e-08
3.31539e-08
8.25794e-08
3.22069e-08
8.92336e-08
5.26643e-08
3.18324e-08
6.51426e-08
4.82132e-08
9.88361e-08
3.84581e-08
1.05007e-07
7.90482e-08
2.76234e-08
1.49979e-08
5.11845e-08
2.33477e-07
3.21988e-07
5.35111e-08
9.38252e-08
4.76442e-07
2.87132e-07
2.94468e-08
7.08559e-08
7.97788e-08
8.64738e-08
1.28064e-07
6.65483e-08
9.70421e-08
3.20794e-08
7.24668e-08
6.34932e-08
4.55353e-08
1.2561e-07
9.50834e-08
9.24402e-08
8.57552e-08
5.19491e-08
3.66024e-08
4.5198e-08
1.00367e-07
1.01789e-07
7.79279e-08
1.00829e-07
5.55423e-08
8.64685e-08
6.51499e-08
9.16017e-08
7.02307e-08
9.49164e-08
4.79965e-08
6.90146e-08
9.71828e-08
6.72078e-08
5.78543e-08
1.61267e-08
6.49995e-08
1.03383e-07
7.45692e-08
9.51585e-08
5.22128e-08
7.57865e-08
4.87538e-08
5.12511e-08
3.87893e-08
4.51164e-08
5.21198e-08
3.44376e-08
6.65766e-08
3.17827e-08
7.00841e-08
6.64535e-08
2.63268e-08
4.62975e-08
1.07311e-07
5.34037e-08
4.56422e-08
3.93662e-08
7.95946e-08
2.10633e-08
5.28713e-08
5.14996e-08
1.4681e-07
2.78919e-07
5.52052e-08
9.75777e-08
4.79334e-07
2.02919e-07
6.18928e-08
1.72087e-07
7.58328e-08
6.28058e-08
4.93937e-08
7.31371e-08
1.13949e-07
4.00589e-08
1.51729e-07
1.28756e-07
1.03409e-07
1.05636e-07
1.13101e-07
6.685e-08
6.38237e-08
3.87722e-08
8.39269e-08
3.26501e-08
6.19986e-08
8.01441e-08
6.23539e-08
2.52117e-08
2.3844e-08
7.21206e-08
7.60304e-08
6.98548e-08
2.50853e-08
5.62317e-08
8.13889e-08
1.59528e-08
3.98187e-08
9.62363e-08
6.12943e-08
7.21231e-08
1.20886e-07
8.48197e-08
7.73202e-08
1.83979e-08
3.90793e-08
1.64448e-08
7.6664e-08
8.44387e-08
4.04327e-08
6.82981e-09
3.89864e-08
2.48363e-08
3.37262e-08
5.95279e-08
8.87331e-08
1.05929e-07
4.0759e-08
1.00093e-08
9.56556e-08
4.98018e-08
5.95562e-08
2.03737e-08
7.53425e-08
6.71316e-08
9.22657e-08
6.26366e-08
1.78135e-07
2.07061e-07
6.83309e-08
5.24754e-08
5.32162e-07
2.50247e-07
1.35096e-07
1.32676e-07
1.26781e-07
1.03745e-07
1.32288e-08
3.5444e-08
3.57696e-08
1.10414e-07
1.32821e-07
8.71706e-08
9.10575e-08
9.36302e-08
8.41606e-08
1.24041e-07
1.14668e-07
1.01522e-07
1.19294e-07
5.93688e-08
4.45591e-08
6.27143e-08
5.51476e-08
3.1466e-08
4.94463e-08
7.85655e-08
1.06026e-07
4.6902e-08
8.70212e-08
3.44018e-08
4.00129e-08
3.03406e-08
9.18235e-08
1.15111e-07
1.14994e-07
1.71068e-07
6.87985e-08
8.36369e-08
1.09188e-07
9.54444e-08
4.72751e-08
9.3566e-08
1.11828e-07
1.07868e-07
6.81629e-08
6.88543e-08
4.02615e-08
4.08085e-08
1.44954e-08
8.32461e-08
3.52232e-08
3.94507e-08
4.60677e-08
5.21843e-08
7.25888e-08
7.38056e-08
6.87161e-08
3.49903e-08
2.47246e-08
1.13167e-08
5.43789e-08
9.7181e-08
1.96082e-07
3.07949e-07
5.03978e-08
1.56102e-07
5.81708e-07
2.75504e-07
1.30717e-07
2.10355e-07
1.84854e-07
1.68873e-07
1.11113e-07
1.07137e-07
9.3826e-08
1.9817e-07
1.1962e-07
1.54487e-07
1.56485e-07
1.67115e-07
1.33782e-07
1.4322e-07
1.32905e-07
6.87891e-08
1.25742e-07
9.13251e-08
9.33262e-08
1.67946e-07
8.08224e-08
2.41553e-08
6.08811e-08
5.52422e-08
5.92961e-08
8.4086e-08
7.73272e-08
8.39486e-08
7.47264e-08
4.87994e-08
1.05948e-07
1.11324e-07
9.75831e-08
1.07138e-07
1.13429e-07
5.50973e-08
1.7254e-07
7.19585e-08
5.52381e-08
8.31438e-08
1.44423e-07
8.57637e-08
7.39543e-08
1.04064e-07
1.12253e-07
4.47124e-08
1.18655e-07
1.29925e-07
8.58648e-08
5.82055e-08
3.11724e-08
5.02033e-08
1.4256e-08
7.19048e-08
8.07837e-08
3.03533e-08
4.78011e-08
1.11046e-07
5.20116e-08
1.74841e-07
2.47556e-07
2.9828e-07
2.5832e-08
5.61357e-08
6.95832e-07
3.6804e-07
8.46464e-08
1.86047e-07
1.57114e-07
9.67522e-08
8.09288e-08
1.01252e-07
7.63118e-08
8.26494e-08
1.02614e-07
1.37107e-07
1.30272e-07
1.32451e-07
2.86943e-08
9.11965e-08
6.20718e-08
1.3623e-07
9.95276e-08
5.77703e-08
4.63845e-08
1.18292e-07
3.27536e-08
4.39157e-08
1.3738e-08
4.75419e-08
5.02093e-08
9.92096e-08
5.09961e-08
3.29537e-08
7.4941e-08
3.88607e-08
2.34355e-08
8.47815e-08
9.95244e-08
8.12398e-08
4.48256e-08
7.06129e-08
8.90466e-08
3.92286e-08
7.18278e-08
9.59825e-08
7.23083e-08
1.35931e-07
8.10607e-08
9.28384e-08
1.07664e-07
7.95602e-08
1.6118e-07
9.85579e-08
8.21466e-08
1.3864e-07
9.64059e-08
8.87838e-08
6.40638e-08
6.49954e-08
1.09009e-07
1.95948e-08
1.27217e-07
1.14976e-07
1.10881e-07
3.38538e-08
1.55021e-07
2.75924e-07
4.53792e-08
7.40315e-08
7.5624e-07
4.00223e-07
5.30261e-08
8.88965e-08
1.27502e-07
9.80279e-08
7.62257e-08
5.84366e-08
7.54226e-08
7.22295e-08
6.08215e-08
1.12031e-07
5.58926e-08
7.87752e-08
5.87372e-08
4.60259e-08
3.0238e-08
6.90876e-08
2.9143e-08
5.80629e-08
3.29733e-08
7.57468e-08
8.08174e-08
6.92202e-08
1.13108e-08
9.90085e-08
3.69546e-08
3.17681e-08
9.73785e-08
1.42926e-08
2.62464e-08
8.33852e-08
8.2817e-08
1.21776e-07
5.29969e-08
5.14142e-08
4.74898e-08
1.29932e-08
7.02364e-08
1.13181e-07
6.79152e-08
4.9165e-08
5.0897e-08
8.9798e-08
1.12578e-07
1.37848e-07
4.27953e-08
1.2426e-07
8.97844e-08
8.54742e-08
4.50584e-08
4.29989e-08
7.9317e-08
7.05194e-08
8.75857e-09
7.77155e-08
3.39519e-08
7.60466e-08
9.20327e-08
9.09486e-09
1.08016e-07
8.49684e-08
1.93971e-07
3.03312e-07
6.40935e-08
2.55899e-08
7.61188e-07
3.43673e-07
4.62288e-08
1.42061e-07
1.36263e-07
9.74716e-08
4.26557e-08
4.88252e-08
9.807e-08
4.90008e-08
4.39435e-08
2.92165e-08
5.52003e-08
7.1893e-08
9.16962e-08
9.46862e-08
7.60882e-08
3.17278e-08
4.1183e-08
6.37168e-08
9.5607e-09
2.70018e-08
5.23146e-08
1.08603e-08
5.73372e-08
3.48187e-08
3.78324e-08
9.05059e-08
3.34449e-08
9.76741e-08
1.04975e-08
1.55869e-08
1.63455e-08
3.61918e-08
1.20246e-08
4.12936e-08
7.32019e-08
9.32045e-08
6.26177e-08
3.63931e-08
8.73382e-08
4.18129e-08
5.0507e-08
1.10542e-07
4.93621e-08
5.21343e-08
8.17917e-08
1.04069e-07
1.15408e-07
3.69162e-08
2.19435e-08
1.23756e-07
5.30537e-08
7.67521e-08
3.30469e-08
5.36564e-08
4.74441e-08
8.64168e-09
3.46815e-08
1.48937e-07
1.0077e-07
6.19105e-08
1.88172e-07
3.75541e-07
3.89077e-08
2.39903e-08
8.39888e-07
4.8879e-07
9.24054e-08
9.80367e-08
7.7175e-08
7.26177e-08
1.58189e-08
9.35495e-08
3.84614e-08
3.38721e-08
4.75808e-08
6.0324e-08
3.43372e-08
4.82492e-08
6.42067e-08
4.58021e-08
2.31282e-08
1.0631e-07
7.97385e-08
4.18669e-08
4.66511e-08
3.30679e-08
1.78586e-08
5.75225e-08
4.09468e-08
9.28482e-08
3.56832e-08
1.1549e-07
1.52836e-07
1.17318e-07
3.28935e-08
7.76117e-08
2.22534e-08
6.22244e-08
1.18813e-08
2.18856e-08
7.09437e-08
4.49114e-08
5.44657e-08
4.32957e-08
1.52652e-08
4.2689e-08
7.5817e-08
1.33081e-07
7.22663e-08
3.73578e-08
5.22855e-08
3.99238e-08
8.98771e-08
2.68727e-08
6.94423e-08
1.06239e-07
3.54494e-08
8.53064e-08
1.9605e-08
9.21267e-08
2.30652e-08
1.04337e-07
5.87493e-08
2.99517e-08
7.29576e-08
7.90596e-08
1.90099e-07
4.31376e-07
7.09517e-08
2.13353e-08
8.32486e-07
4.24666e-07
5.87608e-08
1.59082e-07
2.06146e-07
4.24505e-08
6.53906e-08
3.83893e-08
7.3545e-08
9.29279e-08
3.82026e-08
2.64094e-08
4.68871e-08
7.7691e-08
2.8111e-08
1.51412e-08
1.01584e-07
2.13978e-08
2.56974e-08
2.17634e-08
2.68202e-08
7.50327e-08
4.76833e-08
8.23344e-08
9.12788e-08
7.14289e-08
1.18172e-07
5.13703e-08
4.95836e-08
2.15028e-08
4.51802e-08
3.35124e-08
1.98205e-08
3.96625e-08
5.90979e-08
4.17392e-08
8.17535e-08
3.94875e-08
5.5578e-08
3.40043e-08
1.5234e-08
3.72382e-08
3.16654e-08
7.76438e-08
4.30783e-08
7.79592e-09
8.24521e-08
6.24865e-08
5.14961e-08
7.58047e-08
5.87871e-08
5.5875e-08
6.7656e-08
3.16613e-08
5.8854e-08
1.21196e-07
6.99152e-08
3.61483e-08
5.70204e-08
4.56575e-08
5.88722e-08
4.42773e-08
1.81764e-07
3.67554e-07
1.34614e-07
4.07298e-08
8.93085e-07
4.95212e-07
4.05091e-08
1.32448e-07
2.26176e-07
1.04778e-07
1.58721e-08
2.71678e-08
5.4867e-08
7.34845e-08
3.91064e-08
1.74288e-08
5.77926e-08
9.85209e-09
8.51005e-08
7.03773e-08
5.5055e-08
3.54843e-08
2.78507e-08
3.75165e-08
4.434e-08
1.5826e-08
7.3356e-08
4.53195e-08
8.80398e-09
1.14871e-07
1.70169e-07
1.97805e-08
8.03315e-08
5.93942e-08
2.21436e-08
4.88755e-08
6.04677e-09
1.6791e-08
5.80765e-08
1.03013e-07
8.30703e-08
6.63813e-08
8.24923e-08
5.1704e-08
7.96597e-08
5.66671e-08
3.10673e-08
9.0588e-08
6.7009e-08
3.74445e-08
1.12131e-07
3.30833e-08
4.4881e-08
5.37489e-08
9.36479e-08
5.78609e-08
1.71854e-08
5.04926e-08
4.01981e-08
5.23161e-08
4.53585e-08
2.03387e-08
3.56862e-08
6.45949e-08
3.87745e-08
3.06686e-08
1.87855e-07
3.88063e-07
5.08342e-08
7.08318e-08
9.41576e-07
5.62941e-07
1.20355e-07
1.50152e-07
1.91816e-07
5.53949e-08
1.58933e-08
1.12159e-07
7.12246e-08
1.04479e-07
6.24112e-08
4.80415e-08
3.4365e-08
5.19778e-08
9.63048e-08
1.4431e-07
1.03906e-07
9.13362e-08
1.62071e-07
1.22324e-07
5.46751e-08
5.95896e-08
1.33362e-07
1.06183e-07
9.03091e-08
9.2923e-08
4.16041e-08
1.15519e-07
1.23824e-07
7.20371e-08
8.39119e-08
3.77726e-08
6.79022e-08
1.21666e-07
5.08497e-08
4.2444e-08
7.38871e-08
6.52461e-08
5.13594e-08
2.54893e-08
6.28024e-08
4.11336e-08
8.91831e-08
5.21312e-08
6.37795e-08
4.22689e-08
5.88767e-08
1.11686e-07
2.44073e-08
4.73405e-08
8.41306e-08
1.29773e-08
4.32295e-08
8.94287e-08
6.68458e-08
3.47216e-08
3.51136e-08
6.68237e-08
5.53103e-08
7.45766e-08
6.33217e-08
7.36121e-08
2.42208e-07
4.18747e-07
3.22614e-08
1.70078e-08
9.81633e-07
5.43407e-07
7.07033e-08
1.24238e-07
1.32728e-07
3.64833e-08
1.02167e-07
6.89398e-08
7.70275e-08
1.67483e-08
8.20432e-08
6.61821e-08
4.10855e-08
8.56075e-08
1.20124e-07
4.76936e-08
1.04223e-07
1.31885e-07
1.11047e-07
1.30937e-07
4.7461e-08
7.57592e-08
4.07582e-08
5.80707e-08
9.72729e-08
1.14619e-07
1.50461e-08
1.03537e-07
8.39214e-08
9.2388e-08
6.91761e-08
9.81115e-08
5.73068e-08
7.38141e-08
9.56492e-08
4.96251e-08
8.36213e-08
9.92486e-09
7.66693e-08
7.97137e-08
1.52632e-08
1.34548e-08
3.63901e-08
8.41999e-08
3.11726e-08
8.50392e-08
2.1826e-08
5.80509e-08
7.93012e-08
4.59267e-08
4.12607e-08
8.26724e-08
1.60099e-08
3.32679e-08
6.83045e-08
6.115e-08
8.73781e-08
5.56195e-08
8.45051e-08
3.64294e-08
7.30487e-08
6.9655e-08
2.9266e-07
3.80264e-07
8.79199e-08
5.87899e-08
8.59958e-07
5.50325e-07
1.21405e-07
1.5401e-07
1.19881e-07
2.332e-08
1.39202e-07
1.10553e-07
1.25348e-07
1.77402e-08
9.68099e-08
4.20246e-08
1.25438e-07
7.60261e-08
1.10809e-07
6.94379e-08
8.56533e-08
1.14654e-07
7.06404e-08
4.04521e-08
9.00975e-08
8.0258e-08
6.89765e-08
9.54482e-08
9.13145e-08
6.63814e-08
1.20876e-07
6.68123e-08
1.06923e-07
6.90123e-08
8.0417e-08
1.29498e-07
9.24966e-08
6.62207e-09
4.20143e-08
7.24336e-08
4.80937e-08
1.84928e-08
2.88461e-08
2.9369e-08
4.36252e-08
5.62569e-08
2.67619e-08
5.45297e-08
4.19757e-08
2.24349e-08
5.07946e-08
6.2108e-08
1.18505e-07
1.39516e-08
2.47583e-08
7.05119e-08
2.85549e-08
4.64672e-08
1.31558e-07
9.75853e-08
8.99177e-08
1.10564e-07
3.67612e-08
4.5383e-08
1.22991e-08
7.64295e-08
2.40155e-07
4.9346e-07
1.91745e-08
8.62602e-08
8.6815e-07
5.46504e-07
1.39975e-07
1.31749e-07
1.49514e-07
1.61149e-07
1.63694e-08
1.789e-07
4.49681e-08
4.00754e-08
3.72563e-08
6.69369e-08
1.85455e-08
6.88957e-08
6.88648e-08
4.58918e-08
8.64912e-08
5.65838e-08
1.10672e-07
1.32337e-07
9.18437e-08
4.32067e-08
2.32641e-08
6.10341e-08
1.01786e-07
7.96998e-08
6.1348e-08
5.14325e-08
6.34384e-08
1.18519e-07
3.68343e-08
1.25145e-07
4.48118e-08
5.77561e-08
5.37969e-08
5.04163e-08
1.28207e-07
2.37828e-08
7.52563e-08
2.12083e-08
7.38499e-08
6.41538e-08
5.96075e-08
7.46928e-08
7.14589e-08
3.39745e-08
4.39834e-08
6.083e-08
7.9576e-08
6.69789e-08
1.28104e-07
9.13494e-08
3.25107e-08
4.50613e-08
7.9596e-08
2.25389e-08
7.89188e-08
4.53645e-08
6.03561e-08
2.61043e-08
4.35623e-08
4.78757e-08
2.83818e-07
4.62922e-07
5.16679e-08
1.03189e-07
8.51446e-07
3.80376e-07
1.06417e-07
1.73038e-07
1.32322e-07
6.38762e-08
7.03099e-08
1.49038e-07
9.72823e-08
8.67684e-08
3.16948e-08
8.43668e-08
9.51878e-08
8.72207e-08
1.50425e-07
1.19465e-07
1.43252e-07
6.79666e-08
1.41275e-07
9.17242e-08
7.19496e-08
7.69207e-08
4.60243e-08
9.09418e-08
8.61244e-08
6.14331e-08
6.45767e-08
1.10368e-07
1.04365e-07
6.34507e-09
6.84102e-08
5.54045e-08
1.05991e-08
4.54328e-08
7.23199e-08
1.32244e-08
8.09479e-08
4.60695e-09
5.26283e-08
3.40536e-08
5.16392e-08
3.85336e-08
3.74443e-08
8.15345e-08
8.55272e-09
9.74508e-08
5.49958e-08
7.19245e-08
5.42464e-08
8.07544e-08
2.08902e-08
2.06061e-08
4.94427e-08
5.09895e-08
9.8855e-09
4.15162e-08
3.55514e-08
7.55559e-08
2.93611e-08
4.48231e-08
1.15753e-07
6.58024e-08
2.18434e-07
4.63445e-07
4.21857e-08
1.16154e-07
7.915e-07
4.19027e-07
4.97291e-08
1.80899e-07
2.27823e-07
8.93047e-08
6.91039e-08
7.43978e-08
3.91093e-08
4.14765e-08
5.43645e-08
4.93884e-08
1.61883e-08
4.12801e-08
4.50367e-08
4.30822e-08
8.24136e-08
7.71214e-08
5.92781e-08
5.09403e-08
6.06389e-08
6.46308e-09
7.29085e-08
2.52541e-08
2.08663e-08
4.17685e-08
5.17254e-08
8.62026e-08
6.14753e-08
6.38171e-08
8.65896e-08
1.40689e-08
2.56684e-08
3.79148e-08
6.07366e-08
6.03116e-08
1.68762e-07
8.61865e-08
5.15909e-08
1.0547e-07
9.87326e-08
8.39789e-08
5.33286e-08
1.16535e-08
6.68484e-08
5.39399e-08
2.11102e-08
4.93241e-09
5.41542e-08
5.31718e-08
3.59359e-08
5.81687e-08
6.32719e-08
9.6392e-08
6.61409e-08
1.25344e-07
1.16757e-07
5.68999e-08
8.91715e-08
1.41362e-08
6.26234e-08
9.89903e-08
2.90348e-07
5.53623e-07
8.25119e-08
1.23863e-07
6.89852e-07
3.10852e-07
1.36639e-07
1.99431e-07
1.90029e-07
1.01942e-07
4.31571e-08
1.15639e-07
5.67747e-08
3.16649e-08
5.5762e-08
3.50274e-08
2.73577e-08
1.10208e-07
6.88304e-08
3.17488e-08
3.1577e-08
4.9549e-08
7.46827e-08
8.20113e-08
5.52835e-08
4.05045e-08
2.07806e-08
3.46208e-08
6.60554e-08
3.5068e-08
7.717e-08
7.2695e-08
8.25995e-08
5.3355e-08
7.34832e-09
7.58012e-08
5.17979e-08
5.92466e-08
4.17051e-08
2.46538e-09
1.75975e-08
1.86069e-08
3.73099e-08
3.78924e-08
5.03151e-08
4.98896e-08
3.86708e-08
4.58974e-08
5.95061e-08
4.44514e-08
3.03692e-08
7.22377e-08
3.80977e-08
2.16778e-08
8.24892e-08
2.88413e-08
2.80712e-08
8.99756e-08
1.89951e-08
8.69687e-08
7.98795e-08
3.39139e-08
1.34395e-08
1.14543e-07
1.30926e-07
1.53678e-07
3.18546e-07
5.03109e-07
4.7063e-08
9.8074e-08
7.65737e-07
3.75336e-07
1.28428e-07
1.75877e-07
1.33498e-07
1.10846e-07
4.74644e-08
1.45121e-07
1.03716e-07
6.96751e-08
5.84241e-08
8.26752e-08
5.65974e-08
6.176e-08
4.34201e-08
5.79375e-08
3.8523e-08
8.81791e-08
9.51178e-08
3.57571e-08
4.17089e-08
3.96881e-08
1.71645e-08
6.24879e-09
9.69863e-08
7.6492e-08
3.51793e-08
1.08964e-07
5.908e-08
7.95192e-08
9.3571e-08
1.02977e-07
2.6857e-08
3.77281e-08
3.15883e-08
5.90538e-08
3.2934e-08
3.53738e-08
1.15085e-07
1.10695e-07
4.90636e-08
2.96046e-08
3.63929e-08
5.57401e-08
5.18616e-08
3.40506e-08
7.74716e-08
1.1019e-07
3.22004e-08
9.19881e-08
6.16688e-08
3.28028e-08
1.15322e-07
8.42164e-08
1.06426e-07
9.82058e-08
8.95023e-08
8.39715e-08
8.55449e-08
6.83271e-08
3.8429e-08
1.22847e-07
3.41223e-07
5.9664e-07
6.16502e-08
5.55867e-08
6.88314e-07
3.70037e-07
2.13351e-08
1.94909e-07
7.66985e-08
7.50199e-08
6.577e-08
2.10967e-07
1.41237e-07
8.90532e-08
5.51152e-08
5.85346e-08
1.16327e-07
6.7309e-08
1.50842e-07
5.37045e-08
7.91776e-08
5.74578e-08
1.6531e-07
8.88008e-08
8.38334e-08
4.01544e-08
2.67261e-09
5.15339e-08
5.41482e-08
2.87138e-08
1.0827e-07
8.38189e-08
9.02799e-08
8.66762e-08
2.18329e-08
1.45896e-07
6.74487e-08
2.64421e-08
3.55407e-08
1.0444e-07
9.13663e-08
3.13211e-08
7.49724e-08
5.33309e-08
8.24932e-08
7.73281e-08
6.89947e-08
5.20996e-08
4.58115e-08
5.23513e-08
8.81393e-08
4.80176e-08
8.77341e-08
1.64813e-08
2.30603e-08
6.47897e-08
2.74109e-08
7.63434e-08
9.14648e-08
9.62728e-08
1.43021e-07
1.04443e-07
2.40329e-08
1.05518e-07
6.37825e-08
5.61608e-08
3.28037e-07
5.86294e-07
4.01932e-08
7.72204e-08
6.88072e-07
3.42242e-07
1.52829e-08
1.64501e-07
7.80698e-08
5.65776e-08
1.04799e-07
8.90194e-08
9.00765e-08
3.63253e-08
8.39652e-08
7.70752e-08
3.463e-08
7.30525e-08
6.19333e-08
1.74414e-08
6.89488e-08
3.01161e-08
4.63e-08
5.75763e-08
7.34862e-08
1.94828e-08
4.3148e-08
2.54547e-08
9.15193e-08
9.65659e-08
1.90368e-08
4.97674e-08
2.02685e-08
4.82123e-08
6.46566e-08
3.90156e-08
6.6324e-08
5.3991e-08
6.72007e-08
9.88604e-08
4.06825e-08
5.62953e-08
1.03402e-07
9.98796e-09
6.18235e-08
6.33094e-08
5.57814e-08
2.86813e-08
8.92261e-08
2.60965e-08
1.0751e-07
1.04269e-07
6.73694e-08
9.34175e-08
4.47405e-08
9.48859e-08
6.25868e-08
7.58149e-08
5.94234e-08
1.13535e-07
6.87566e-08
8.95459e-08
1.46937e-08
1.44635e-07
8.97732e-08
4.71016e-08
3.22847e-07
5.49878e-07
8.8993e-08
9.68819e-08
6.90755e-07
3.1473e-07
3.47876e-08
1.73737e-07
1.08352e-07
4.96397e-08
1.15956e-07
1.42447e-07
5.35455e-08
6.37289e-08
3.65779e-08
4.47368e-08
4.20646e-08
1.36733e-07
6.30126e-08
5.49642e-08
8.53614e-08
1.07094e-07
4.49377e-08
8.39811e-08
1.09311e-07
1.0663e-07
8.67059e-08
1.95012e-08
2.85102e-08
9.97278e-08
1.35521e-07
6.39231e-08
7.95642e-08
1.09104e-07
8.00622e-08
8.08219e-08
1.55838e-07
1.29012e-07
1.13803e-07
1.65348e-08
1.06095e-07
2.60889e-08
1.14325e-07
5.02287e-08
4.78156e-08
6.37844e-08
1.28091e-07
1.44011e-07
6.82691e-08
8.13514e-08
1.16115e-07
1.0198e-07
1.03647e-07
6.58231e-08
3.52592e-08
3.7664e-08
9.01977e-08
8.05172e-08
7.47991e-08
1.07059e-07
1.60344e-07
1.12383e-07
6.94251e-08
3.89783e-08
1.5334e-07
1.70984e-08
2.97915e-07
6.32158e-07
6.89593e-08
3.6969e-08
6.99812e-07
4.1001e-07
3.06697e-08
1.29146e-07
1.13605e-07
3.75176e-08
4.56757e-08
1.18938e-07
2.0819e-07
8.84352e-08
2.52028e-08
2.85509e-08
8.32368e-08
4.32073e-08
1.54712e-07
7.27173e-08
5.67965e-08
5.51977e-08
1.23959e-07
6.22674e-08
6.2814e-08
6.70992e-08
9.74796e-08
9.4183e-08
4.52079e-08
7.59923e-08
8.34031e-08
9.22804e-08
4.02947e-08
8.68865e-08
7.16907e-08
5.56425e-08
1.02956e-07
1.00864e-07
1.06278e-07
8.71498e-08
3.70241e-08
8.29028e-08
5.50611e-08
3.21897e-08
6.07794e-08
1.07277e-07
9.61388e-08
4.88165e-08
1.77411e-08
4.81599e-08
7.44879e-08
7.05427e-08
2.31569e-08
5.20307e-08
3.6376e-08
8.53651e-08
5.753e-08
2.71937e-08
7.32222e-08
1.24685e-07
1.05575e-07
5.38709e-08
4.33101e-08
1.13774e-07
1.57931e-07
8.1485e-08
2.61021e-07
6.20319e-07
7.91359e-08
1.95862e-08
6.17445e-07
3.36661e-07
8.07015e-08
1.20467e-07
1.3142e-07
8.00619e-08
6.83903e-08
1.10402e-07
6.45374e-08
7.55282e-08
5.51954e-08
5.46577e-08
3.65575e-08
1.05296e-07
1.08369e-07
7.65525e-08
3.59946e-08
3.0797e-08
5.56376e-08
9.18525e-08
3.29217e-08
1.20185e-08
3.4962e-08
4.5247e-08
8.17039e-08
4.02264e-08
8.83141e-08
1.15673e-07
3.90972e-08
2.67036e-08
4.52344e-08
8.30924e-08
5.27332e-08
7.05863e-08
7.24669e-08
7.61582e-08
1.45792e-08
8.03677e-08
1.0387e-07
8.81536e-09
9.43656e-08
1.73526e-08
2.30572e-08
1.01439e-07
9.72707e-08
6.83987e-08
9.17147e-08
3.2983e-08
5.07002e-08
9.27144e-08
1.2617e-08
9.66046e-08
7.05167e-08
4.98244e-08
3.106e-08
5.67807e-08
3.91485e-08
2.06448e-08
6.18561e-08
1.07921e-07
2.55436e-07
1.14116e-07
2.29361e-07
5.51245e-07
4.73787e-08
1.11221e-07
6.49041e-07
3.2631e-07
7.01431e-08
1.14395e-07
1.02185e-07
8.45921e-08
4.04641e-08
8.28625e-08
2.53511e-08
3.17038e-08
5.30818e-08
7.77139e-08
4.83512e-08
5.91794e-08
3.27522e-08
3.34589e-08
2.96203e-08
5.91498e-08
1.1177e-07
8.04183e-08
5.31413e-08
7.6054e-09
3.21694e-08
1.15343e-07
8.25158e-08
1.02403e-07
7.53978e-08
9.42459e-08
7.4074e-08
2.07e-08
3.29747e-08
2.55707e-08
6.50225e-08
9.10085e-08
6.55111e-08
7.55546e-08
8.84257e-08
5.26212e-08
3.2001e-08
8.64327e-08
3.1174e-08
9.25281e-08
8.12761e-08
1.66492e-07
5.12237e-08
6.3848e-08
3.35572e-08
9.32158e-08
4.00004e-08
7.17559e-08
3.6617e-08
1.19923e-07
3.87957e-08
5.24807e-08
5.85046e-08
1.22923e-07
5.35235e-08
5.20745e-08
7.96986e-08
1.31262e-07
1.9483e-07
7.62097e-08
2.91813e-07
6.17298e-07
1.72942e-08
3.71467e-08
6.30463e-07
3.62528e-07
7.60512e-08
1.13229e-07
1.15283e-07
1.20858e-07
5.40472e-08
7.16648e-08
6.52878e-08
6.37834e-08
9.12373e-09
3.81022e-08
4.57409e-08
6.63285e-08
2.55723e-08
3.46753e-08
4.39443e-08
5.23696e-08
5.87725e-08
6.77855e-08
6.32383e-08
1.24388e-08
3.29652e-08
6.11218e-08
8.73928e-08
6.78613e-08
1.03663e-07
1.0712e-07
8.60722e-09
2.83508e-08
3.32935e-08
2.28671e-08
6.26391e-08
1.07756e-07
6.4228e-08
6.72017e-08
7.85089e-08
9.44294e-08
8.96396e-08
1.75437e-07
9.89288e-08
1.10629e-07
1.08811e-07
1.84452e-07
1.24865e-07
8.13171e-08
7.00548e-08
7.61585e-08
8.39214e-08
1.39827e-07
8.5707e-08
8.24799e-08
4.41628e-08
1.7179e-07
9.29743e-08
5.38042e-08
2.00039e-08
5.33668e-08
1.66991e-07
1.73107e-07
2.341e-07
1.68824e-07
2.87805e-07
5.48144e-07
1.22568e-07
5.6179e-08
6.68446e-07
3.17517e-07
1.13794e-07
1.91195e-07
1.5231e-07
6.45444e-08
5.15174e-08
5.69106e-08
9.4871e-08
5.3982e-08
1.67899e-08
5.71091e-08
5.63255e-08
4.38489e-08
5.54604e-08
4.89464e-08
2.39488e-08
1.10207e-07
3.87547e-08
8.27378e-08
7.67151e-08
1.03545e-07
3.2722e-08
8.2398e-08
4.50798e-08
1.08714e-07
5.5808e-08
1.27455e-07
6.85462e-08
7.03308e-08
6.91584e-08
3.85119e-08
8.09989e-08
7.23153e-08
1.37893e-07
9.51082e-08
4.52808e-08
7.99687e-08
1.26895e-07
1.21389e-07
3.59844e-08
1.11233e-07
1.18689e-07
1.07359e-07
5.78027e-08
6.10941e-08
7.19992e-08
2.24045e-08
8.86297e-08
3.02226e-08
8.74489e-09
6.48241e-08
2.07632e-08
4.17273e-08
6.74676e-08
5.34492e-09
6.67101e-08
3.88065e-08
1.27433e-07
1.51954e-07
1.49223e-07
9.84178e-08
2.97495e-07
6.01605e-07
6.91987e-08
2.06223e-08
6.66551e-07
2.87375e-07
6.50812e-08
1.92226e-07
1.53862e-07
1.04129e-07
4.21892e-08
4.8687e-08
8.51626e-08
3.03466e-08
4.93358e-08
7.27174e-08
4.86836e-08
4.52812e-08
4.38248e-08
2.09332e-08
4.03759e-08
2.64361e-08
4.08752e-08
7.59831e-08
4.80685e-08
2.52528e-08
7.76021e-08
1.05213e-07
1.57147e-07
8.43536e-08
1.18016e-07
8.79547e-08
2.47588e-08
2.45749e-08
2.25496e-08
8.11374e-08
3.78404e-08
5.46529e-08
3.18006e-08
4.27296e-08
5.34588e-08
5.13437e-08
1.22244e-07
4.85236e-08
3.41568e-08
2.63105e-08
5.56978e-09
8.44133e-08
4.7477e-08
2.99964e-08
1.47107e-08
3.90778e-08
8.41776e-08
5.99114e-08
8.87949e-08
2.71225e-08
1.38718e-08
7.45092e-09
4.65099e-08
1.50287e-07
1.03656e-07
5.53623e-08
4.53605e-08
1.25635e-07
1.7573e-07
9.64361e-08
3.41302e-07
5.98906e-07
6.33424e-08
4.43352e-08
7.15145e-07
4.7744e-07
1.24828e-07
1.30292e-07
9.32448e-08
7.39882e-08
2.41041e-08
7.91512e-08
7.30695e-08
6.13952e-08
5.43494e-08
1.05418e-07
8.62589e-08
6.79064e-08
6.34734e-08
6.79232e-08
1.25292e-07
1.02815e-07
1.18042e-07
7.88196e-08
1.00227e-07
9.10547e-08
1.19719e-07
1.06241e-07
8.53957e-08
6.6699e-08
1.27841e-07
6.55629e-08
9.49062e-08
5.66679e-08
5.75361e-08
4.08658e-08
2.76515e-08
5.42386e-08
3.449e-08
1.97238e-08
3.32043e-08
2.0274e-08
5.27229e-08
7.0586e-08
2.43023e-08
1.01344e-07
6.58505e-08
7.93477e-08
2.22554e-08
3.50296e-08
1.19489e-08
3.19706e-08
6.77198e-08
7.32098e-08
4.18296e-08
1.3546e-08
5.85907e-08
1.03233e-07
6.62384e-08
3.37104e-08
2.77552e-08
2.13554e-08
7.06114e-08
1.35469e-07
1.27386e-07
9.52535e-08
3.80322e-07
6.00705e-07
1.85496e-08
6.94988e-08
6.99562e-07
4.2521e-07
1.47459e-07
7.69426e-08
5.84997e-08
1.15002e-08
4.60924e-08
1.37747e-07
1.10341e-07
3.82723e-08
8.92864e-08
1.00123e-07
1.0616e-07
1.01713e-07
1.11772e-07
1.07835e-07
1.05165e-07
1.64041e-07
7.86357e-08
1.57021e-07
1.40054e-07
6.15707e-08
1.14669e-07
1.05395e-07
1.34851e-07
1.20532e-07
5.87844e-08
9.27708e-08
9.34888e-08
4.45171e-08
5.25629e-08
2.70132e-08
6.0238e-08
4.30968e-08
1.09214e-07
7.49543e-08
1.20732e-07
3.26803e-08
1.17978e-07
1.32565e-07
1.08187e-07
7.36414e-08
8.90087e-08
1.12375e-07
6.71563e-08
5.74605e-08
6.21689e-08
1.08618e-07
7.84748e-08
6.15535e-08
2.62121e-08
3.05391e-08
1.54893e-08
5.50361e-08
1.14931e-07
7.47649e-08
1.64024e-07
4.6497e-08
3.37811e-08
4.90915e-08
1.31905e-07
8.10888e-08
3.84391e-07
6.85892e-07
6.91215e-08
2.69671e-08
7.26441e-07
3.52493e-07
8.96231e-08
7.14724e-08
1.14557e-07
9.70515e-08
1.47399e-08
1.14553e-07
1.91283e-07
3.72022e-08
7.88792e-08
7.16483e-08
4.71053e-08
1.34008e-07
9.00258e-08
9.60443e-08
5.9273e-08
6.30418e-08
1.02496e-07
1.38298e-07
9.86016e-08
7.01839e-08
1.22844e-07
6.31484e-08
1.21575e-07
7.10847e-08
7.09772e-08
4.80063e-08
7.91659e-08
1.94534e-08
9.29234e-08
8.00024e-08
6.2683e-08
7.11701e-08
9.01452e-08
8.7235e-08
1.56585e-07
1.02179e-07
1.21443e-07
6.33079e-08
1.17735e-07
1.31072e-07
1.12159e-07
9.69949e-08
1.29007e-07
1.49928e-07
1.58688e-07
1.0832e-07
7.43186e-08
9.42589e-08
1.22432e-07
9.73375e-08
6.46412e-08
8.12593e-08
6.72424e-08
9.6706e-08
1.21387e-07
1.18973e-07
1.34795e-07
5.03605e-08
1.04521e-07
1.17566e-07
3.75367e-07
7.53198e-07
1.6341e-07
1.31548e-07
6.80959e-07
3.36587e-07
7.8665e-08
1.82321e-07
1.75191e-07
1.05323e-07
1.16706e-07
6.23005e-08
8.35644e-08
4.84091e-08
4.37412e-08
8.53155e-08
4.92888e-08
8.27786e-08
4.67053e-08
4.20046e-08
6.4483e-08
3.5445e-08
3.46733e-08
4.09332e-08
6.94334e-08
6.91257e-08
6.44753e-08
2.14675e-08
9.83264e-08
4.41275e-08
9.29074e-08
5.4598e-08
1.46347e-07
4.09828e-08
1.0963e-07
6.07449e-08
2.78e-08
3.64958e-08
8.96343e-08
6.60374e-08
8.87564e-08
6.91144e-08
8.02651e-08
7.19929e-08
7.06339e-08
2.22472e-08
3.56235e-08
6.10814e-08
5.17618e-08
3.77577e-08
6.72545e-08
8.01073e-08
2.7848e-08
9.83893e-09
8.74634e-08
3.06923e-08
4.19259e-08
5.68811e-08
2.41927e-08
3.92698e-08
1.00326e-07
7.28646e-08
6.12287e-08
1.26061e-07
8.86327e-08
3.11197e-08
4.21706e-07
6.93877e-07
1.11083e-07
1.93018e-07
5.70072e-07
2.04644e-07
1.93881e-07
3.65892e-07
3.39512e-07
2.11448e-07
1.1421e-07
1.15205e-07
1.15987e-07
1.38666e-07
1.0208e-07
9.86439e-08
3.78281e-08
3.63385e-08
8.83129e-08
1.19564e-07
6.98009e-08
6.88674e-08
1.1299e-07
9.28952e-08
8.55482e-08
9.87673e-08
2.8042e-08
1.81946e-07
1.50239e-07
1.96034e-07
1.89149e-07
2.03718e-07
1.68362e-07
1.90371e-07
1.35346e-07
1.62176e-07
1.92828e-07
2.31159e-07
2.08554e-07
2.01954e-07
1.66345e-07
1.67975e-07
2.34769e-07
2.41017e-07
1.74285e-07
1.58947e-07
1.37503e-07
1.32818e-07
1.44019e-07
5.15589e-08
1.00053e-07
1.70594e-07
1.12746e-07
9.86311e-08
1.74351e-07
1.30401e-07
1.16035e-07
1.51766e-07
9.26037e-08
1.04265e-07
2.83613e-08
1.3226e-07
1.04268e-07
1.53661e-07
2.07685e-07
1.00241e-07
2.79747e-07
6.14643e-07
1.32776e-07
1.5811e-07
5.53838e-07
1.35135e-07
1.98855e-07
3.3823e-07
3.77939e-07
2.98742e-07
2.10102e-07
1.56094e-07
1.521e-07
2.32853e-07
1.61787e-07
1.61979e-07
1.27767e-07
4.30176e-08
7.52919e-08
1.18419e-07
1.42898e-07
7.00509e-08
1.53739e-07
1.18941e-07
1.27799e-07
1.9967e-07
1.27496e-07
2.39726e-07
1.84223e-07
1.78157e-07
2.25658e-07
2.70364e-07
1.69742e-07
2.15401e-07
1.31787e-07
2.04662e-07
2.07736e-07
1.96516e-07
1.73839e-07
1.84912e-07
1.83805e-07
2.40457e-07
1.74158e-07
1.30469e-07
2.08944e-07
1.95893e-07
2.33886e-07
2.53231e-07
1.8196e-07
1.6889e-07
1.12874e-07
1.62742e-07
1.25562e-07
1.33221e-07
1.52389e-07
1.2069e-07
1.75423e-07
1.92858e-07
1.24861e-07
8.21209e-08
1.30219e-07
1.19585e-07
1.45547e-07
2.40484e-07
2.8027e-07
4.13333e-08
2.45727e-07
6.4364e-07
1.97825e-07
8.92529e-08
7.14182e-07
4.07619e-07
5.04723e-08
1.26722e-07
9.01808e-08
6.76506e-08
5.49239e-08
1.00119e-07
1.09882e-07
8.22058e-08
3.94359e-08
1.19919e-07
1.5052e-07
8.09743e-08
1.16775e-07
6.31724e-08
2.49069e-08
6.86183e-08
8.66662e-08
7.39366e-08
8.23288e-08
9.13133e-08
1.13066e-07
5.13916e-08
4.93251e-08
8.32192e-09
3.41961e-08
1.46313e-08
2.89666e-08
5.42762e-08
1.31476e-07
6.73397e-08
1.10414e-07
8.48814e-08
8.33711e-08
1.17551e-07
1.07901e-07
8.12774e-08
3.47398e-08
3.19324e-08
9.1099e-08
8.30835e-08
7.91087e-08
5.44098e-08
6.25812e-08
6.83466e-08
4.96169e-08
1.25986e-07
1.07868e-07
9.78442e-08
1.00931e-07
7.16956e-08
1.15249e-07
7.75186e-08
6.82753e-08
1.04193e-07
5.46618e-08
7.81641e-08
2.56947e-08
1.86578e-07
2.46008e-07
3.57727e-08
4.24226e-07
8.68122e-07
9.52248e-08
6.67645e-07
1.3091e-06
1.02884e-06
5.8506e-07
4.49394e-07
3.98174e-07
4.84054e-07
5.4068e-07
5.91444e-07
5.8036e-07
4.68522e-07
5.06363e-07
4.68631e-07
4.86835e-07
4.95059e-07
4.93015e-07
4.51357e-07
4.71566e-07
4.35154e-07
5.25096e-07
5.16068e-07
5.43476e-07
4.53744e-07
5.05247e-07
5.53162e-07
5.11403e-07
6.33819e-07
5.13123e-07
5.17605e-07
5.2661e-07
5.95884e-07
5.71015e-07
6.06829e-07
6.15895e-07
6.33883e-07
6.13006e-07
6.09129e-07
6.40836e-07
5.79393e-07
4.89985e-07
5.30509e-07
4.84709e-07
5.4765e-07
4.62537e-07
5.16613e-07
4.82105e-07
4.66146e-07
4.31845e-07
5.53116e-07
5.05385e-07
5.03309e-07
5.67243e-07
4.49364e-07
4.7995e-07
3.44094e-07
3.7178e-07
4.18854e-07
3.96971e-07
3.24067e-07
2.67648e-07
2.29067e-07
1.70644e-07
2.51408e-07
7.23709e-07
1.08103e-06
2.76929e-07
1.06906e-06
1.86131e-06
1.51679e-06
1.11227e-06
9.76536e-07
8.98194e-07
9.93024e-07
9.57038e-07
1.08281e-06
1.01268e-06
9.88313e-07
8.80087e-07
8.88549e-07
8.92862e-07
9.0052e-07
9.27135e-07
8.70925e-07
8.5326e-07
9.67132e-07
9.18093e-07
9.56402e-07
9.82767e-07
9.60632e-07
1.05393e-06
1.01993e-06
1.09528e-06
1.0698e-06
1.07818e-06
1.12411e-06
1.13893e-06
1.16913e-06
1.15402e-06
1.21323e-06
1.15068e-06
1.18467e-06
1.13805e-06
1.12066e-06
1.12792e-06
1.05942e-06
1.01396e-06
9.09056e-07
1.01232e-06
1.02288e-06
1.02794e-06
1.00927e-06
1.00944e-06
9.05188e-07
9.27472e-07
9.18241e-07
9.03876e-07
9.50111e-07
9.7862e-07
8.78889e-07
8.73451e-07
8.21568e-07
7.175e-07
7.80135e-07
6.57586e-07
6.5007e-07
5.0294e-07
4.55476e-07
4.27193e-07
4.27669e-07
9.01072e-07
1.39526e-06
5.05688e-07
1.64906e-08
7.25031e-07
4.23115e-07
8.26617e-08
1.65619e-07
1.23953e-07
1.10699e-07
9.09717e-08
2.02393e-08
3.18134e-08
3.49354e-08
7.02951e-08
5.06029e-08
5.62028e-08
5.54769e-08
4.80069e-08
4.93975e-08
7.97367e-08
4.14768e-08
2.31345e-08
1.02993e-07
3.76736e-08
4.50676e-08
5.47372e-08
4.85639e-08
3.59797e-08
2.5487e-08
3.63846e-08
5.91632e-09
4.97324e-08
2.73728e-08
4.67383e-08
4.20681e-08
5.93783e-08
6.03764e-08
5.46243e-08
5.3497e-08
8.28072e-08
8.43442e-08
5.21396e-08
1.11341e-07
8.29087e-08
6.40775e-08
1.25649e-08
4.57792e-08
4.25359e-08
3.1711e-08
5.01373e-08
7.02285e-08
8.85658e-08
3.30723e-08
7.22843e-08
6.35829e-08
5.46283e-08
7.82266e-08
6.31055e-08
3.08666e-08
1.17029e-07
1.11836e-07
7.14514e-08
1.66325e-07
1.59328e-07
4.13007e-08
5.46864e-07
1.01358e-06
1.96784e-08
