3.5592e-05
2.41771e-05
1.43901e-05
6.66706e-06
2.32526e-06
5.95598e-06
9.9523e-06
1.26028e-05
1.44383e-05
1.55419e-05
1.55356e-05
1.50317e-05
1.3864e-05
1.20974e-05
9.97682e-06
7.25301e-06
4.91501e-06
2.49608e-06
2.99868e-06
5.86288e-06
8.8332e-06
1.19148e-05
1.49072e-05
1.74078e-05
2.00575e-05
2.22403e-05
2.39862e-05
2.54039e-05
2.61249e-05
2.65099e-05
2.60713e-05
2.50582e-05
2.31527e-05
2.05966e-05
1.72133e-05
1.28076e-05
8.22056e-06
4.93072e-06
9.59904e-06
1.79536e-05
2.79018e-05
3.95666e-05
5.26538e-05
6.75975e-05
8.42646e-05
2.76722e-05
1.75817e-05
9.23696e-06
2.85723e-06
4.33423e-06
8.44524e-06
1.18302e-05
1.41474e-05
1.5551e-05
1.60151e-05
1.57656e-05
1.50485e-05
1.35414e-05
1.19757e-05
9.79441e-06
7.25561e-06
4.50753e-06
2.32559e-06
2.59146e-06
5.30899e-06
8.2386e-06
1.11846e-05
1.40168e-05
1.66684e-05
1.90495e-05
2.11268e-05
2.27612e-05
2.398e-05
2.47552e-05
2.50705e-05
2.46341e-05
2.36401e-05
2.19555e-05
1.97728e-05
1.65121e-05
1.25329e-05
7.95654e-06
4.59046e-06
7.94902e-06
1.56076e-05
2.4715e-05
3.52813e-05
4.7391e-05
6.09722e-05
7.62407e-05
2.09295e-05
1.1938e-05
4.65269e-06
2.58561e-06
6.9931e-06
1.04758e-05
1.32937e-05
1.50352e-05
1.60662e-05
1.61058e-05
1.57925e-05
1.47387e-05
1.34081e-05
1.14438e-05
9.31529e-06
7.05605e-06
4.23662e-06
1.8754e-06
2.08592e-06
4.97719e-06
7.9378e-06
1.04636e-05
1.30268e-05
1.56727e-05
1.78026e-05
1.98399e-05
2.14382e-05
2.2543e-05
2.31709e-05
2.34297e-05
2.31371e-05
2.23217e-05
2.07319e-05
1.85399e-05
1.56659e-05
1.21026e-05
7.95595e-06
3.59129e-06
6.27848e-06
1.32294e-05
2.16292e-05
3.13982e-05
4.23727e-05
5.46768e-05
6.84692e-05
1.47347e-05
6.95079e-06
1.2316e-06
5.06159e-06
9.14207e-06
1.2039e-05
1.43996e-05
1.56853e-05
1.61397e-05
1.61304e-05
1.56816e-05
1.43915e-05
1.28242e-05
1.09511e-05
8.77578e-06
6.18667e-06
3.81305e-06
1.34519e-06
2.0487e-06
4.66468e-06
7.3684e-06
9.88817e-06
1.22387e-05
1.46066e-05
1.66875e-05
1.84726e-05
1.99824e-05
2.10572e-05
2.17654e-05
2.18116e-05
2.16984e-05
2.0875e-05
1.95183e-05
1.74008e-05
1.49526e-05
1.15995e-05
7.63714e-06
3.65171e-06
5.03513e-06
1.10121e-05
1.86984e-05
2.72859e-05
3.72235e-05
4.83712e-05
6.07263e-05
9.43309e-06
2.79479e-06
3.22058e-06
7.45548e-06
1.0805e-05
1.31889e-05
1.48437e-05
1.5763e-05
1.59339e-05
1.57511e-05
1.49756e-05
1.37262e-05
1.19665e-05
1.02814e-05
8.14902e-06
5.72545e-06
3.34803e-06
1.03747e-06
1.74706e-06
4.46401e-06
6.9932e-06
9.21025e-06
1.16374e-05
1.36647e-05
1.54629e-05
1.72451e-05
1.85121e-05
1.95051e-05
1.99777e-05
2.03485e-05
2.01162e-05
1.9238e-05
1.7961e-05
1.63404e-05
1.39624e-05
1.08587e-05
7.41794e-06
3.58606e-06
3.85799e-06
9.154e-06
1.56634e-05
2.37298e-05
3.23984e-05
4.20698e-05
5.33734e-05
4.81461e-06
9.20002e-07
5.65038e-06
9.33597e-06
1.19734e-05
1.38492e-05
1.4959e-05
1.58059e-05
1.5619e-05
1.50473e-05
1.42681e-05
1.28191e-05
1.10812e-05
9.27778e-06
7.16538e-06
5.05738e-06
2.80379e-06
3.66268e-07
2.02363e-06
4.17109e-06
6.61099e-06
8.71544e-06
1.08806e-05
1.29082e-05
1.41575e-05
1.58329e-05
1.69643e-05
1.76852e-05
1.83192e-05
1.85473e-05
1.83203e-05
1.75441e-05
1.65995e-05
1.49754e-05
1.28441e-05
1.01956e-05
6.98611e-06
3.58358e-06
2.79956e-06
7.37445e-06
1.33274e-05
2.01158e-05
2.7563e-05
3.62762e-05
4.59456e-05
9.30811e-07
4.00456e-06
7.72692e-06
1.06269e-05
1.28184e-05
1.42968e-05
1.50432e-05
1.52357e-05
1.4904e-05
1.4203e-05
1.31702e-05
1.16956e-05
1.00428e-05
8.34011e-06
6.41386e-06
4.30654e-06
2.28904e-06
5.14223e-07
2.14887e-06
4.28207e-06
6.14998e-06
8.09108e-06
9.86581e-06
1.16203e-05
1.32516e-05
1.43423e-05
1.55839e-05
1.6096e-05
1.65273e-05
1.65886e-05
1.66378e-05
1.57128e-05
1.48558e-05
1.34644e-05
1.16844e-05
9.47171e-06
6.71945e-06
3.65867e-06
2.01843e-06
5.70439e-06
1.05536e-05
1.65901e-05
2.31398e-05
3.0554e-05
3.89085e-05
2.68513e-06
6.41445e-06
9.3859e-06
1.15713e-05
1.31703e-05
1.39963e-05
1.44669e-05
1.44473e-05
1.37684e-05
1.30341e-05
1.19822e-05
1.05532e-05
8.91589e-06
7.23756e-06
5.66981e-06
3.77627e-06
1.89335e-06
7.02865e-07
2.29888e-06
4.1458e-06
5.92144e-06
7.67333e-06
9.18242e-06
1.06833e-05
1.18879e-05
1.28991e-05
1.37347e-05
1.44072e-05
1.47345e-05
1.48385e-05
1.46583e-05
1.40924e-05
1.33067e-05
1.20989e-05
1.0495e-05
8.58834e-06
6.20332e-06
3.52004e-06
1.56029e-06
4.26017e-06
8.3028e-06
1.31684e-05
1.86689e-05
2.49881e-05
3.17849e-05
5.39797e-06
8.36259e-06
1.07746e-05
1.21684e-05
1.33991e-05
1.3718e-05
1.37961e-05
1.33866e-05
1.26698e-05
1.1668e-05
1.07483e-05
9.22071e-06
7.5988e-06
5.92255e-06
4.62836e-06
2.79606e-06
1.46921e-06
1.26097e-06
2.52359e-06
4.23137e-06
5.73077e-06
7.08059e-06
8.52136e-06
9.56901e-06
1.04997e-05
1.1399e-05
1.20795e-05
1.27128e-05
1.29597e-05
1.28369e-05
1.27716e-05
1.21984e-05
1.15858e-05
1.05487e-05
9.28416e-06
7.66597e-06
5.76109e-06
3.41717e-06
1.4879e-06
2.86526e-06
6.33458e-06
1.02675e-05
1.46665e-05
1.97863e-05
2.54856e-05
7.67195e-06
9.85804e-06
1.15228e-05
1.25302e-05
1.30998e-05
1.30365e-05
1.28229e-05
1.21683e-05
1.11704e-05
1.01912e-05
9.13269e-06
7.7802e-06
6.39864e-06
4.91976e-06
3.49593e-06
1.93282e-06
1.46496e-06
1.6422e-06
2.78667e-06
4.02259e-06
5.23915e-06
6.40663e-06
7.45753e-06
8.37606e-06
9.27482e-06
9.9857e-06
1.04342e-05
1.07977e-05
1.09474e-05
1.08784e-05
1.08105e-05
1.04126e-05
9.77165e-06
8.91822e-06
7.89333e-06
6.68859e-06
5.16226e-06
3.31349e-06
1.64868e-06
1.62461e-06
4.33812e-06
7.34878e-06
1.06516e-05
1.46464e-05
1.89438e-05
9.55923e-06
1.10527e-05
1.20422e-05
1.24613e-05
1.26192e-05
1.22071e-05
1.15781e-05
1.06726e-05
9.7818e-06
8.58553e-06
7.5069e-06
6.38394e-06
4.89965e-06
3.82503e-06
2.41441e-06
1.69426e-06
1.67457e-06
2.20682e-06
3.20452e-06
4.01788e-06
4.9996e-06
5.85699e-06
6.63399e-06
7.29415e-06
7.79112e-06
8.29015e-06
8.86279e-06
8.90041e-06
9.05415e-06
8.95842e-06
8.76238e-06
8.33204e-06
8.09931e-06
7.3032e-06
6.54361e-06
5.71353e-06
4.37999e-06
3.22026e-06
1.85426e-06
9.68771e-07
2.47956e-06
4.85794e-06
7.14728e-06
9.96641e-06
1.2787e-05
1.09704e-05
1.17945e-05
1.21448e-05
1.20144e-05
1.1791e-05
1.11367e-05
1.02532e-05
9.13626e-06
8.35411e-06
7.03367e-06
5.76026e-06
4.81293e-06
3.68611e-06
2.75374e-06
2.09186e-06
1.74497e-06
2.05923e-06
2.68492e-06
3.39101e-06
4.0723e-06
4.79382e-06
5.24113e-06
5.80935e-06
5.98253e-06
6.46917e-06
6.75468e-06
6.92999e-06
7.13047e-06
6.95012e-06
6.80034e-06
6.75648e-06
6.45267e-06
6.27804e-06
5.71516e-06
5.06553e-06
4.37265e-06
3.71773e-06
3.00942e-06
2.07569e-06
1.21995e-06
1.74724e-06
2.48293e-06
4.08907e-06
5.77037e-06
7.36897e-06
1.20376e-05
1.23274e-05
1.2017e-05
1.14878e-05
1.07497e-05
9.82747e-06
8.74967e-06
7.67709e-06
6.44472e-06
5.31774e-06
4.22609e-06
3.05954e-06
2.45042e-06
2.00047e-06
1.96811e-06
2.21222e-06
2.66084e-06
3.08955e-06
3.65269e-06
4.04829e-06
4.43726e-06
4.53417e-06
4.86438e-06
5.06137e-06
5.05361e-06
5.16663e-06
5.20634e-06
5.11975e-06
4.85256e-06
4.81939e-06
4.72879e-06
4.53159e-06
4.3802e-06
4.07853e-06
3.79754e-06
3.4038e-06
2.979e-06
2.57689e-06
2.24739e-06
1.85788e-06
1.92629e-06
2.15471e-06
2.58906e-06
3.00502e-06
3.67963e-06
1.26507e-05
1.2252e-05
1.16105e-05
1.07325e-05
9.64494e-06
8.31217e-06
7.16544e-06
5.90387e-06
4.7765e-06
3.6244e-06
2.67853e-06
1.73633e-06
1.5146e-06
1.99401e-06
2.51877e-06
2.90598e-06
3.23469e-06
3.58183e-06
3.86236e-06
4.02126e-06
4.10258e-06
3.99679e-06
3.97094e-06
3.78821e-06
3.81196e-06
3.58232e-06
3.34363e-06
3.27453e-06
2.9734e-06
3.14291e-06
2.93991e-06
2.86625e-06
2.83707e-06
2.79393e-06
2.41496e-06
2.41627e-06
2.50283e-06
2.38271e-06
2.40954e-06
2.64954e-06
3.07299e-06
3.68057e-06
4.41304e-06
5.21848e-06
5.97676e-06
1.28231e-05
1.20287e-05
1.1027e-05
9.85101e-06
8.36195e-06
7.04019e-06
5.57511e-06
4.2666e-06
2.93148e-06
1.82855e-06
9.79169e-07
1.53792e-06
2.09481e-06
2.74511e-06
3.30319e-06
3.72663e-06
3.86941e-06
4.1019e-06
3.9966e-06
3.85288e-06
3.76972e-06
3.37795e-06
3.0828e-06
2.68397e-06
2.37214e-06
2.0639e-06
1.79298e-06
1.35513e-06
1.1664e-06
1.43906e-06
1.70185e-06
1.68835e-06
1.53362e-06
1.95164e-06
1.8709e-06
1.49519e-06
1.77634e-06
1.96171e-06
2.38662e-06
3.26258e-06
4.39104e-06
5.64106e-06
7.12962e-06
8.76142e-06
1.0387e-05
1.27842e-05
1.17131e-05
1.01697e-05
8.64621e-06
7.12129e-06
5.52795e-06
3.8683e-06
2.42602e-06
1.031e-06
3.96183e-07
1.33387e-06
2.22896e-06
3.12179e-06
3.81737e-06
4.10479e-06
4.23415e-06
4.32021e-06
4.37748e-06
4.16305e-06
3.75192e-06
3.3477e-06
2.83892e-06
2.21572e-06
1.59649e-06
9.9238e-07
3.38993e-07
6.66622e-07
1.18975e-06
1.65267e-06
2.01777e-06
2.1986e-06
2.52634e-06
2.45504e-06
2.18394e-06
2.24937e-06
1.5771e-06
1.45555e-06
1.54546e-06
2.32715e-06
3.99108e-06
5.57868e-06
7.64093e-06
9.68007e-06
1.21833e-05
1.4872e-05
1.26386e-05
1.10729e-05
9.29634e-06
7.53309e-06
5.62702e-06
4.0082e-06
2.38388e-06
8.2284e-07
7.00287e-07
1.88564e-06
2.81142e-06
3.58069e-06
4.36658e-06
4.72387e-06
4.99926e-06
5.07794e-06
4.88864e-06
4.58103e-06
4.17682e-06
3.60346e-06
2.96516e-06
2.28881e-06
1.45375e-06
1.33263e-06
6.02873e-07
1.28927e-06
1.93019e-06
2.64415e-06
3.22302e-06
3.4958e-06
3.88888e-06
4.10302e-06
4.06638e-06
3.80421e-06
3.28118e-06
2.64394e-06
1.81871e-06
1.29129e-06
2.35954e-06
4.21339e-06
6.60109e-06
9.21391e-06
1.22206e-05
1.55475e-05
1.93917e-05
1.21239e-05
1.02177e-05
8.22469e-06
6.20423e-06
4.37021e-06
2.65833e-06
1.48571e-06
1.44651e-06
2.21702e-06
3.48787e-06
4.19421e-06
5.08292e-06
5.43075e-06
5.75269e-06
5.87492e-06
5.64043e-06
5.35783e-06
4.8767e-06
4.26943e-06
3.42456e-06
2.75979e-06
1.87279e-06
1.43637e-06
1.53136e-06
2.04645e-06
2.73826e-06
3.61312e-06
4.28009e-06
5.11349e-06
5.52432e-06
5.70616e-06
5.89632e-06
5.72157e-06
5.4156e-06
4.72653e-06
3.71791e-06
2.48011e-06
1.48451e-06
2.14575e-06
4.61861e-06
7.42177e-06
1.07207e-05
1.44254e-05
1.88236e-05
2.32847e-05
1.14723e-05
9.36587e-06
7.11381e-06
4.93397e-06
3.31957e-06
1.68455e-06
1.76015e-06
2.84987e-06
3.99624e-06
4.92282e-06
5.65628e-06
6.4187e-06
6.59889e-06
6.96363e-06
6.44808e-06
6.23459e-06
5.66009e-06
5.08809e-06
4.22479e-06
3.42605e-06
2.57143e-06
1.75252e-06
1.82153e-06
2.39487e-06
3.15674e-06
4.23053e-06
5.18422e-06
6.1409e-06
6.96703e-06
7.35913e-06
7.57918e-06
7.84555e-06
7.51314e-06
6.89338e-06
6.06647e-06
4.81549e-06
3.27148e-06
1.52945e-06
2.17542e-06
4.77942e-06
8.32194e-06
1.21889e-05
1.66004e-05
2.15067e-05
2.69115e-05
1.0682e-05
8.24498e-06
5.99665e-06
3.9155e-06
2.66648e-06
2.27563e-06
3.15335e-06
4.44312e-06
5.61455e-06
6.49683e-06
6.99267e-06
7.54136e-06
7.66996e-06
7.58127e-06
7.34243e-06
6.7738e-06
5.96212e-06
5.17115e-06
3.98114e-06
3.35756e-06
2.27416e-06
1.84243e-06
2.6226e-06
3.28923e-06
4.46895e-06
5.74759e-06
6.9695e-06
7.86069e-06
8.59188e-06
9.11277e-06
9.53662e-06
9.70201e-06
9.08742e-06
8.55752e-06
7.57864e-06
6.13196e-06
4.15695e-06
1.81757e-06
1.96717e-06
5.17291e-06
8.99289e-06
1.34249e-05
1.84716e-05
2.41401e-05
3.03214e-05
9.54028e-06
7.06055e-06
4.94103e-06
3.18826e-06
2.50012e-06
3.32299e-06
4.72013e-06
5.88405e-06
6.94099e-06
7.89748e-06
8.31521e-06
8.63009e-06
8.61037e-06
8.43259e-06
7.88818e-06
7.30868e-06
6.35975e-06
5.22559e-06
4.01432e-06
3.11466e-06
2.06596e-06
2.11935e-06
3.35526e-06
4.49124e-06
5.86206e-06
7.05382e-06
8.40803e-06
9.48765e-06
1.01749e-05
1.09882e-05
1.11093e-05
1.12149e-05
1.07662e-05
1.00778e-05
8.97554e-06
7.16906e-06
5.168e-06
2.6231e-06
1.85628e-06
5.10303e-06
9.45364e-06
1.44873e-05
2.0073e-05
2.65015e-05
3.33561e-05
8.53374e-06
5.76267e-06
3.71511e-06
2.56427e-06
3.25045e-06
4.84153e-06
6.15219e-06
7.32719e-06
8.28833e-06
8.95354e-06
9.34343e-06
9.56259e-06
9.42932e-06
9.01777e-06
8.41367e-06
7.51158e-06
6.50829e-06
5.13507e-06
3.90331e-06
2.76879e-06
2.25102e-06
2.8874e-06
4.08585e-06
5.48174e-06
7.09913e-06
8.68984e-06
9.8004e-06
1.12028e-05
1.19227e-05
1.24336e-05
1.29037e-05
1.29517e-05
1.2273e-05
1.15158e-05
1.01759e-05
8.44586e-06
6.15363e-06
3.29793e-06
1.54181e-06
5.24204e-06
9.91139e-06
1.52395e-05
2.15946e-05
2.83194e-05
3.58625e-05
7.3493e-06
4.70514e-06
2.74023e-06
2.64141e-06
4.40879e-06
5.80447e-06
7.09523e-06
8.64097e-06
9.52762e-06
1.01759e-05
1.03962e-05
1.03556e-05
1.01654e-05
9.72733e-06
8.76836e-06
7.71315e-06
6.52754e-06
5.14676e-06
3.80131e-06
2.90764e-06
2.37227e-06
3.348e-06
4.99165e-06
6.35027e-06
8.14694e-06
9.86154e-06
1.12707e-05
1.24828e-05
1.34668e-05
1.39626e-05
1.44448e-05
1.42455e-05
1.3731e-05
1.28985e-05
1.14439e-05
9.45282e-06
6.89828e-06
3.89236e-06
1.73767e-06
5.19892e-06
1.02108e-05
1.60971e-05
2.25678e-05
3.0041e-05
3.80619e-05
6.0582e-06
3.56852e-06
2.33293e-06
3.45038e-06
5.2863e-06
7.00576e-06
8.37482e-06
9.73072e-06
1.04943e-05
1.09854e-05
1.12187e-05
1.11349e-05
1.06573e-05
1.01106e-05
9.02972e-06
7.84775e-06
6.52194e-06
5.06745e-06
3.57222e-06
2.56443e-06
2.55107e-06
4.09759e-06
5.65023e-06
7.71118e-06
9.39551e-06
1.09711e-05
1.24849e-05
1.38127e-05
1.48811e-05
1.5419e-05
1.56979e-05
1.57021e-05
1.50902e-05
1.412e-05
1.25822e-05
1.0287e-05
7.68145e-06
4.53641e-06
1.44602e-06
4.92771e-06
1.0356e-05
1.65464e-05
2.35085e-05
3.12999e-05
3.98497e-05
4.82708e-06
2.38947e-06
2.14057e-06
4.30678e-06
6.24111e-06
7.92118e-06
9.39594e-06
1.05447e-05
1.13076e-05
1.17658e-05
1.19085e-05
1.15942e-05
1.11938e-05
1.02485e-05
9.17659e-06
7.94445e-06
6.40756e-06
4.8442e-06
3.25246e-06
2.50542e-06
2.91924e-06
4.6237e-06
6.5494e-06
8.5346e-06
1.03138e-05
1.21967e-05
1.35986e-05
1.48737e-05
1.60027e-05
1.66361e-05
1.69249e-05
1.68354e-05
1.62707e-05
1.51224e-05
1.35062e-05
1.1256e-05
8.5273e-06
4.93256e-06
1.9941e-06
4.91114e-06
1.04901e-05
1.6945e-05
2.40798e-05
3.22741e-05
4.13244e-05
3.6753e-06
1.38632e-06
2.62662e-06
4.84522e-06
6.94845e-06
8.88014e-06
1.02612e-05
1.12346e-05
1.20051e-05
1.24689e-05
1.24721e-05
1.19588e-05
1.14688e-05
1.04071e-05
9.17543e-06
7.89408e-06
6.20673e-06
4.54629e-06
3.2171e-06
2.49785e-06
3.48804e-06
5.26705e-06
7.25724e-06
9.25133e-06
1.12588e-05
1.31556e-05
1.46736e-05
1.57644e-05
1.69007e-05
1.77232e-05
1.80932e-05
1.79579e-05
1.72578e-05
1.61716e-05
1.43863e-05
1.20998e-05
9.1376e-06
5.58878e-06
2.19615e-06
4.90278e-06
1.04026e-05
1.71689e-05
2.46579e-05
3.31135e-05
4.2263e-05
2.49351e-06
7.8638e-07
3.44427e-06
5.65246e-06
7.75848e-06
9.52245e-06
1.07655e-05
1.18282e-05
1.24366e-05
1.2623e-05
1.26327e-05
1.19716e-05
1.14032e-05
1.04661e-05
9.07735e-06
7.61209e-06
5.9678e-06
4.19501e-06
2.65031e-06
2.49604e-06
3.86088e-06
5.99585e-06
7.84255e-06
9.98117e-06
1.19815e-05
1.3774e-05
1.53998e-05
1.67903e-05
1.78205e-05
1.85669e-05
1.88423e-05
1.87071e-05
1.80008e-05
1.68714e-05
1.50535e-05
1.2706e-05
9.73905e-06
6.13171e-06
2.63843e-06
4.61196e-06
1.0419e-05
1.71066e-05
2.47657e-05
3.33261e-05
4.2838e-05
1.53583e-06
1.53197e-06
3.8801e-06
6.43376e-06
8.28889e-06
1.01141e-05
1.11244e-05
1.20829e-05
1.27415e-05
1.29962e-05
1.27029e-05
1.21834e-05
1.13214e-05
1.02952e-05
9.01759e-06
7.36211e-06
5.66175e-06
4.04326e-06
2.62731e-06
2.77318e-06
4.25838e-06
6.20715e-06
8.38482e-06
1.05119e-05
1.26083e-05
1.44084e-05
1.59651e-05
1.7465e-05
1.84842e-05
1.92345e-05
1.9412e-05
1.92573e-05
1.85945e-05
1.74869e-05
1.56037e-05
1.32657e-05
1.0179e-05
6.58267e-06
2.75785e-06
4.58745e-06
1.01242e-05
1.70196e-05
2.46607e-05
3.32485e-05
4.29232e-05
1.56697e-06
2.19053e-06
4.56821e-06
6.6949e-06
8.65462e-06
1.03433e-05
1.12289e-05
1.21589e-05
1.28141e-05
1.27643e-05
1.26375e-05
1.1817e-05
1.12877e-05
9.98527e-06
8.62425e-06
6.93414e-06
5.1961e-06
3.61389e-06
2.3176e-06
2.73684e-06
4.71078e-06
6.79124e-06
8.81413e-06
1.0975e-05
1.28316e-05
1.47639e-05
1.65166e-05
1.79056e-05
1.9049e-05
1.96437e-05
1.98037e-05
1.97867e-05
1.90884e-05
1.79012e-05
1.6024e-05
1.37252e-05
1.05086e-05
7.0141e-06
3.12891e-06
4.38865e-06
1.00203e-05
1.66592e-05
2.44937e-05
3.31993e-05
4.2455e-05
2.11984e-06
3.11019e-06
5.14349e-06
7.35727e-06
8.92269e-06
1.02589e-05
1.13185e-05
1.2145e-05
1.25597e-05
1.26198e-05
1.22312e-05
1.16243e-05
1.06914e-05
9.54213e-06
8.09347e-06
6.48312e-06
4.78179e-06
3.17198e-06
2.11835e-06
3.18351e-06
4.9937e-06
7.04807e-06
9.1561e-06
1.13846e-05
1.32561e-05
1.52251e-05
1.68094e-05
1.79479e-05
1.91606e-05
1.99124e-05
2.00914e-05
1.97689e-05
1.9179e-05
1.8006e-05
1.62087e-05
1.37723e-05
1.0731e-05
7.12067e-06
3.53721e-06
4.27517e-06
9.57081e-06
1.64299e-05
2.3887e-05
3.23979e-05
4.1704e-05
3.14533e-06
3.65077e-06
5.38798e-06
7.40013e-06
9.15e-06
1.00829e-05
1.10177e-05
1.17355e-05
1.21239e-05
1.19503e-05
1.16927e-05
1.08975e-05
1.02134e-05
8.96888e-06
7.57927e-06
5.91821e-06
4.28363e-06
2.69751e-06
2.0916e-06
3.29856e-06
5.01874e-06
7.57749e-06
9.44245e-06
1.14627e-05
1.35585e-05
1.52931e-05
1.67406e-05
1.79768e-05
1.89397e-05
1.96908e-05
2.00325e-05
1.97408e-05
1.90615e-05
1.78758e-05
1.62407e-05
1.37444e-05
1.0749e-05
7.31651e-06
3.48457e-06
4.22042e-06
9.29006e-06
1.5733e-05
2.32704e-05
3.14076e-05
4.04781e-05
4.05571e-06
4.38753e-06
5.63741e-06
7.1048e-06
8.83832e-06
9.82582e-06
1.04694e-05
1.10623e-05
1.13365e-05
1.11965e-05
1.09272e-05
1.02794e-05
9.32384e-06
8.14669e-06
6.78864e-06
5.31996e-06
3.74966e-06
2.20837e-06
2.26184e-06
3.54179e-06
5.15788e-06
7.59918e-06
9.49475e-06
1.15302e-05
1.32978e-05
1.49828e-05
1.64744e-05
1.77953e-05
1.86174e-05
1.9142e-05
1.94049e-05
1.9235e-05
1.85753e-05
1.73856e-05
1.55531e-05
1.34573e-05
1.06015e-05
7.31859e-06
3.98414e-06
3.98135e-06
8.72058e-06
1.51023e-05
2.21633e-05
3.00132e-05
3.885e-05
5.07463e-06
4.60143e-06
5.54947e-06
7.00842e-06
8.15293e-06
9.04277e-06
9.88805e-06
1.0114e-05
1.06047e-05
1.03684e-05
9.96938e-06
9.14359e-06
8.38806e-06
7.26617e-06
6.05193e-06
4.50435e-06
3.13656e-06
1.7953e-06
1.94973e-06
3.77552e-06
5.36287e-06
7.5368e-06
9.28205e-06
1.13184e-05
1.29491e-05
1.45479e-05
1.58707e-05
1.70902e-05
1.79955e-05
1.86165e-05
1.87739e-05
1.86117e-05
1.77949e-05
1.67644e-05
1.51293e-05
1.29136e-05
1.0372e-05
7.09295e-06
4.01444e-06
3.97828e-06
8.30764e-06
1.42578e-05
2.08822e-05
2.82426e-05
3.65669e-05
5.98074e-06
4.9527e-06
5.38523e-06
6.33362e-06
7.41204e-06
8.09263e-06
8.7739e-06
9.30322e-06
9.26093e-06
9.30063e-06
8.79997e-06
8.18177e-06
7.29572e-06
6.20626e-06
5.03644e-06
3.71612e-06
2.30376e-06
1.46384e-06
2.13842e-06
3.72345e-06
5.4569e-06
7.32273e-06
9.09896e-06
1.07452e-05
1.24075e-05
1.38481e-05
1.5073e-05
1.61404e-05
1.69421e-05
1.74934e-05
1.74825e-05
1.74419e-05
1.67706e-05
1.56795e-05
1.41899e-05
1.21841e-05
9.75621e-06
6.85542e-06
4.09893e-06
3.92164e-06
7.87963e-06
1.31911e-05
1.93622e-05
2.62061e-05
3.37333e-05
6.54694e-06
5.1998e-06
4.92138e-06
5.60674e-06
6.58981e-06
7.12016e-06
7.74786e-06
7.94108e-06
8.24126e-06
7.77693e-06
7.30068e-06
6.97095e-06
6.0821e-06
5.12396e-06
4.04736e-06
2.93356e-06
1.76505e-06
1.11156e-06
2.34611e-06
3.72415e-06
5.28135e-06
6.9494e-06
8.58019e-06
9.96309e-06
1.15335e-05
1.2809e-05
1.37848e-05
1.47381e-05
1.55486e-05
1.59e-05
1.61251e-05
1.59105e-05
1.5143e-05
1.44391e-05
1.29298e-05
1.11441e-05
8.81397e-06
6.52032e-06
3.88397e-06
3.99423e-06
7.57447e-06
1.21449e-05
1.76555e-05
2.36963e-05
3.05493e-05
7.41828e-06
5.15228e-06
4.30561e-06
4.56082e-06
5.21285e-06
5.93847e-06
6.20141e-06
6.61381e-06
6.55744e-06
6.52031e-06
6.08444e-06
5.50262e-06
4.73616e-06
3.93183e-06
3.07714e-06
1.93107e-06
9.38779e-07
1.40112e-06
2.54861e-06
3.87143e-06
5.07776e-06
6.40757e-06
7.73233e-06
9.21895e-06
1.03152e-05
1.14837e-05
1.25363e-05
1.32831e-05
1.37693e-05
1.41557e-05
1.40767e-05
1.40571e-05
1.35164e-05
1.25309e-05
1.13466e-05
9.78493e-06
7.90155e-06
5.82818e-06
3.88385e-06
4.18799e-06
7.05623e-06
1.09367e-05
1.56213e-05
2.09689e-05
2.70486e-05
7.85464e-06
5.13775e-06
3.64047e-06
3.22006e-06
3.93393e-06
4.52975e-06
4.9406e-06
5.34735e-06
5.28802e-06
5.28917e-06
4.73595e-06
4.46962e-06
3.86523e-06
2.89448e-06
2.07761e-06
1.14186e-06
2.77183e-07
1.25082e-06
2.40864e-06
3.49909e-06
4.4531e-06
5.78607e-06
6.86047e-06
7.88734e-06
8.88207e-06
9.78166e-06
1.05128e-05
1.11317e-05
1.17486e-05
1.1872e-05
1.17832e-05
1.16733e-05
1.12128e-05
1.04289e-05
9.40284e-06
8.13372e-06
6.58654e-06
5.00889e-06
3.60034e-06
4.10239e-06
6.5134e-06
9.62286e-06
1.35636e-05
1.78029e-05
2.2697e-05
8.12501e-06
4.8709e-06
2.52885e-06
1.99667e-06
2.69371e-06
3.45383e-06
4.21361e-06
4.44292e-06
4.46662e-06
4.57808e-06
3.9334e-06
3.59941e-06
2.79986e-06
2.4615e-06
1.03686e-06
7.3459e-07
5.0057e-07
1.29776e-06
2.31363e-06
2.97305e-06
4.0273e-06
4.86709e-06
5.3668e-06
6.53273e-06
7.07803e-06
7.74562e-06
8.35848e-06
8.61356e-06
9.01014e-06
9.1871e-06
9.09006e-06
8.89743e-06
8.35301e-06
8.01823e-06
7.13133e-06
6.24831e-06
5.156e-06
3.97392e-06
3.51893e-06
4.02002e-06
6.0525e-06
8.10535e-06
1.11723e-05
1.45207e-05
1.81358e-05
8.57207e-06
4.60261e-06
1.49611e-06
1.20597e-06
2.56253e-06
3.87996e-06
4.7426e-06
4.75977e-06
4.75105e-06
4.77106e-06
4.24246e-06
3.84318e-06
3.12213e-06
2.49154e-06
1.65024e-06
1.48314e-06
1.16786e-06
1.5016e-06
2.03861e-06
2.76367e-06
3.06687e-06
3.87478e-06
4.16433e-06
4.84719e-06
5.18988e-06
5.63242e-06
5.71902e-06
6.02928e-06
6.01679e-06
6.01909e-06
5.76432e-06
5.62613e-06
5.35693e-06
4.87547e-06
4.45665e-06
3.90418e-06
3.43925e-06
3.09645e-06
3.32635e-06
3.89318e-06
5.14932e-06
6.74528e-06
8.47512e-06
1.063e-05
1.30229e-05
8.69611e-06
4.33695e-06
1.41426e-06
2.21506e-06
4.01174e-06
5.36432e-06
6.05766e-06
6.57341e-06
6.48965e-06
6.2133e-06
5.72853e-06
5.12362e-06
4.36416e-06
3.72546e-06
2.92438e-06
2.39825e-06
1.8031e-06
1.70246e-06
1.77537e-06
1.93517e-06
2.32043e-06
3.08745e-06
3.17504e-06
3.24657e-06
3.53161e-06
3.59432e-06
3.20425e-06
3.19651e-06
2.88544e-06
2.65747e-06
2.1373e-06
1.7939e-06
1.68222e-06
1.51355e-06
1.57543e-06
2.294e-06
2.32331e-06
3.31381e-06
3.49784e-06
4.11311e-06
4.81067e-06
5.12345e-06
5.63092e-06
6.29105e-06
7.43662e-06
8.74261e-06
4.25401e-06
2.5264e-06
4.38167e-06
6.19356e-06
7.74214e-06
8.54727e-06
8.94414e-06
8.92081e-06
8.63917e-06
7.97681e-06
7.0996e-06
6.3049e-06
5.33102e-06
4.27611e-06
3.29229e-06
2.34363e-06
1.66133e-06
1.29647e-06
1.54032e-06
1.87658e-06
2.28403e-06
2.66505e-06
3.14501e-06
3.37716e-06
3.11615e-06
3.41002e-06
3.13437e-06
3.0593e-06
2.89215e-06
2.78697e-06
2.62651e-06
2.68824e-06
2.83169e-06
3.19205e-06
3.78392e-06
3.68026e-06
4.10632e-06
3.91923e-06
4.43586e-06
4.15985e-06
3.48521e-06
2.90661e-06
1.85247e-06
1.3831e-06
9.01323e-06
4.48002e-06
4.21853e-06
6.73009e-06
9.02472e-06
1.06569e-05
1.16259e-05
1.18847e-05
1.20795e-05
1.1264e-05
1.05385e-05
9.59375e-06
8.34274e-06
7.02862e-06
5.77668e-06
4.36023e-06
2.79037e-06
1.44772e-06
7.55114e-07
1.5097e-06
2.58238e-06
3.43684e-06
4.38868e-06
5.25362e-06
5.72112e-06
6.3278e-06
6.78232e-06
7.09102e-06
7.2387e-06
7.46728e-06
7.44002e-06
7.55078e-06
7.39943e-06
7.34267e-06
7.12943e-06
7.02128e-06
6.48073e-06
6.06215e-06
5.54451e-06
4.46677e-06
3.42497e-06
2.25342e-06
1.38065e-06
3.10637e-06
6.01172e-06
8.72634e-06
4.8456e-06
6.50665e-06
9.65491e-06
1.21642e-05
1.39264e-05
1.49738e-05
1.52929e-05
1.52852e-05
1.45993e-05
1.34136e-05
1.21056e-05
1.06503e-05
8.89055e-06
6.99763e-06
5.07693e-06
3.10639e-06
1.48036e-06
7.19981e-07
2.49685e-06
4.16677e-06
5.66077e-06
7.11262e-06
8.37887e-06
9.58517e-06
1.06776e-05
1.14049e-05
1.20298e-05
1.24472e-05
1.29776e-05
1.29902e-05
1.31794e-05
1.29268e-05
1.25436e-05
1.19213e-05
1.11396e-05
9.99088e-06
8.81582e-06
7.18238e-06
5.28766e-06
2.84532e-06
1.616e-06
4.36223e-06
8.46246e-06
1.30646e-05
8.55177e-06
5.91396e-06
8.96015e-06
1.24612e-05
1.55382e-05
1.75207e-05
1.86853e-05
1.90726e-05
1.87345e-05
1.79816e-05
1.65596e-05
1.48585e-05
1.30157e-05
1.07474e-05
8.39364e-06
5.88934e-06
3.46833e-06
1.13272e-06
1.47101e-06
3.99144e-06
6.23402e-06
8.39089e-06
1.055e-05
1.2282e-05
1.40187e-05
1.54409e-05
1.66369e-05
1.7793e-05
1.84718e-05
1.90015e-05
1.93082e-05
1.93461e-05
1.90146e-05
1.82707e-05
1.72879e-05
1.59155e-05
1.41923e-05
1.20238e-05
9.17386e-06
6.05517e-06
2.3779e-06
2.79441e-06
7.77962e-06
1.38512e-05
2.07594e-05
8.50922e-06
7.20836e-06
1.14547e-05
1.5858e-05
1.91032e-05
2.12691e-05
2.26036e-05
2.30349e-05
2.25924e-05
2.14889e-05
1.9801e-05
1.78813e-05
1.54081e-05
1.25486e-05
9.80516e-06
6.73186e-06
3.56916e-06
4.78746e-07
2.89952e-06
5.92196e-06
8.85621e-06
1.15608e-05
1.43769e-05
1.69014e-05
1.90457e-05
2.10294e-05
2.28289e-05
2.4198e-05
2.50898e-05
2.58609e-05
2.63032e-05
2.62468e-05
2.59264e-05
2.48623e-05
2.31972e-05
2.13625e-05
1.86516e-05
1.57721e-05
1.18319e-05
7.24497e-06
1.9324e-06
4.28945e-06
1.15426e-05
1.96979e-05
2.89455e-05
